1.000000 0.0000000 0.0000000 0.0000000 0.0000000 0.0000000 0.0000000 1.0000000
2.000000 -0.0006588 -0.0013882 0.0009163 -0.0007621 -0.0007320 -0.0002193 0.9999994
3.000000 -0.0009965 -0.0030983 0.0036367 -0.0007863 -0.0011862 -0.0005147 0.9999989
5.000000 -0.0023197 -0.0041620 0.0023859 -0.0000670 -0.0018901 0.0004239 0.9999981
10.000000 -0.0024135 -0.0011894 0.0036963 -0.0019208 -0.0002830 -0.0056253 0.9999823
19.000000 -0.0148760 -0.0029614 0.0091612 0.0001012 -0.0032243 -0.0110211 0.9999341
24.000000 -0.0053372 -0.0101235 0.0154216 0.0018750 0.0029957 -0.0124286 0.9999165
34.000000 0.0014615 -0.0361918 0.0452359 -0.0008412 0.0201046 0.0022498 0.9997950
40.000000 0.0018258 -0.0794687 0.0691336 0.0009381 0.0337289 -0.0039793 0.9994227
47.000000 -0.0253951 -0.1140604 0.0910469 -0.0096577 0.0503824 0.0050048 0.9986708
53.000000 -0.0707994 -0.1304829 0.1044998 -0.0199062 0.0632166 0.0248702 0.9974913
60.000000 -0.1365347 -0.1529929 0.1038332 -0.0282453 0.0769755 0.0385492 0.9958870
63.000000 -0.1664969 -0.1576657 0.1025909 -0.0313455 0.0852113 0.0415226 0.9950037
70.000000 -0.2385474 -0.1858359 0.0999747 -0.0270001 0.1049448 0.0544680 0.9926181
74.000000 -0.2936956 -0.1979756 0.0989261 -0.0242175 0.1122817 0.0623812 0.9914207
77.000000 -0.3386552 -0.2057796 0.1041971 -0.0198310 0.1149089 0.0664066 0.9909555
79.000000 -0.3672208 -0.2091426 0.1068720 -0.0134313 0.1172831 0.0679233 0.9906819
83.000000 -0.4261409 -0.2012366 0.1035645 -0.0008841 0.1207978 0.0683457 0.9903212
87.000000 -0.4763457 -0.1816187 0.1042683 -0.0002781 0.1269123 0.0600055 0.9900972
90.000000 -0.5126591 -0.1770954 0.1138807 0.0112158 0.1327614 0.0561666 0.9894918
94.000000 -0.5665784 -0.1602644 0.1192846 0.0138364 0.1422785 0.0549733 0.9882021
96.000000 -0.5866312 -0.1649841 0.1212322 0.0130746 0.1529011 0.0526976 0.9867489
100.000000 -0.6512883 -0.1732997 0.1557575 0.0230247 0.1817074 0.0647512 0.9809483
103.000000 -0.7076894 -0.1649468 0.1559970 0.0363629 0.1941739 0.0788372 0.9771177
109.000000 -0.8044010 -0.1805597 0.1649210 0.0420503 0.2176783 0.0779741 0.9719918
117.000000 -0.8990957 -0.1838738 0.1902830 0.0429496 0.2341529 0.0709928 0.9686525
121.000000 -0.9436948 -0.1946348 0.2188255 0.0429359 0.2427479 0.0809587 0.9657513
124.000000 -0.9814551 -0.1984022 0.2455954 0.0441341 0.2543527 0.0894267 0.9619562
126.000000 -1.0097845 -0.2057868 0.2689501 0.0477241 0.2622598 0.0959828 0.9590253
129.000000 -1.0551692 -0.2095311 0.3072441 0.0489947 0.2706163 0.1055426 0.9556292
132.000000 -1.0960786 -0.2297399 0.3568749 0.0483106 0.2787795 0.1096830 0.9528472
135.000000 -1.1382285 -0.2283686 0.3987241 0.0504677 0.2867181 0.1137475 0.9498985
139.000000 -1.1900531 -0.2355701 0.4628041 0.0478540 0.2904233 0.1217952 0.9479083
141.000000 -1.2115408 -0.2363075 0.4914871 0.0465183 0.2912880 0.1237201 0.9474601
147.000000 -1.2577367 -0.2383574 0.5724564 0.0397549 0.3052599 0.1265053 0.9429912
152.000000 -1.2865133 -0.2419637 0.6180638 0.0388580 0.3267294 0.1282192 0.9355735
155.000000 -1.3034883 -0.2397603 0.6431108 0.0413356 0.3396476 0.1307787 0.9304987
161.000000 -1.3533719 -0.2621987 0.7075331 0.0449488 0.3501758 0.1464774 0.9240676
165.000000 -1.3874191 -0.2791295 0.7616307 0.0391249 0.3586743 0.1516959 0.9202230
168.000000 -1.4195285 -0.3005027 0.8024294 0.0445453 0.3659829 0.1637868 0.9150115
175.000000 -1.5003005 -0.3458084 0.8747649 0.0487374 0.3780932 0.1752154 0.9077278
178.000000 -1.5308691 -0.3728923 0.9040040 0.0394333 0.3777640 0.1770237 0.9079658
183.000000 -1.5727525 -0.4088913 0.9393696 0.0392104 0.3753583 0.1802207 0.9083442
185.000000 -1.5892452 -0.4224059 0.9526966 0.0405353 0.3753815 0.1803208 0.9082566
190.000000 -1.6112374 -0.4583836 0.9904301 0.0421083 0.3808457 0.1873600 0.9044775
194.000000 -1.6314032 -0.4859850 1.0217597 0.0422191 0.3916969 0.1885359 0.8995806
198.000000 -1.6548834 -0.5191046 1.0542617 0.0401879 0.4087560 0.1962901 0.8903784
201.000000 -1.6705852 -0.5452807 1.0795976 0.0431321 0.4188130 0.2078624 0.8829091
204.000000 -1.6931219 -0.5744005 1.1063602 0.0440132 0.4305288 0.2154672 0.8753752
207.000000 -1.7060251 -0.5993138 1.1391144 0.0444487 0.4415127 0.2267550 0.8669907
209.000000 -1.7161431 -0.6189162 1.1588378 0.0459628 0.4495458 0.2331117 0.8610778
212.000000 -1.7332697 -0.6436390 1.1867120 0.0464180 0.4590074 0.2427110 0.8533750
216.000000 -1.7499356 -0.6794090 1.2290479 0.0499024 0.4699822 0.2558489 0.8433077
219.000000 -1.7567019 -0.7033477 1.2565126 0.0500110 0.4779546 0.2624005 0.8367821
222.000000 -1.7633401 -0.7272309 1.2825727 0.0500640 0.4869994 0.2657461 0.8304843
228.000000 -1.7736502 -0.7717201 1.3313462 0.0467747 0.5031864 0.2707601 0.8193318
230.000000 -1.7834198 -0.7902523 1.3456892 0.0504973 0.5094658 0.2715944 0.8149424
234.000000 -1.7974645 -0.8187478 1.3744755 0.0487843 0.5153571 0.2782661 0.8090705
237.000000 -1.8030636 -0.8408312 1.4028249 0.0474138 0.5179057 0.2841279 0.8054794
239.000000 -1.8125050 -0.8531243 1.4200666 0.0461835 0.5196491 0.2884968 0.8028708
242.000000 -1.8061779 -0.8738511 1.4553390 0.0435223 0.5261140 0.2965679 0.7958375
244.000000 -1.8020229 -0.8907930 1.4785199 0.0467368 0.5320966 0.3024080 0.7894544
246.000000 -1.8062561 -0.9073467 1.4997722 0.0476866 0.5385208 0.3072491 0.7831471
248.000000 -1.8065865 -0.9212205 1.5194402 0.0466776 0.5458766 0.3119186 0.7762388
251.000000 -1.7971611 -0.9488287 1.5557463 0.0505219 0.5559121 0.3159392 0.7671973
258.000000 -1.8177818 -0.9964747 1.6233512 0.0440966 0.5720953 0.3245096 0.7519681
261.000000 -1.8096564 -1.0223876 1.6516551 0.0473369 0.5749291 0.3306340 0.7469250
265.000000 -1.8221701 -1.0527678 1.6773428 0.0469612 0.5783474 0.3320860 0.7436584
268.000000 -1.8165488 -1.0724444 1.6910486 0.0438527 0.5845853 0.3312658 0.7393240
272.000000 -1.8185787 -1.1053895 1.7052432 0.0487274 0.5973394 0.3317485 0.7285288
285.000000 -1.8444669 -1.2133907 1.8132010 0.0461076 0.6362831 0.3539213 0.6839281
287.000000 -1.8479060 -1.2350874 1.8378152 0.0466647 0.6403565 0.3565674 0.6786940
290.000000 -1.8439509 -1.2709577 1.8754874 0.0493640 0.6458366 0.3596069 0.6716704
293.000000 -1.8364518 -1.3026834 1.9128237 0.0522179 0.6510916 0.3612521 0.6654696
297.000000 -1.8323779 -1.3420645 1.9583070 0.0567899 0.6606664 0.3613018 0.6555576
299.000000 -1.8356941 -1.3574286 1.9826398 0.0575997 0.6666695 0.3627733 0.6485596
306.000000 -1.8231214 -1.3988426 2.0549452 0.0580147 0.6891116 0.3747137 0.6175348
309.000000 -1.8146251 -1.4178828 2.0826004 0.0599796 0.6976513 0.3771483 0.6061718
320.000000 -1.7987444 -1.4729660 2.1739445 0.0556572 0.7198339 0.3797992 0.5783545
323.000000 -1.7901522 -1.4854555 2.1996853 0.0535073 0.7205702 0.3788827 0.5782416
327.000000 -1.7806154 -1.4993591 2.2339697 0.0545519 0.7224968 0.3761318 0.5775355
333.000000 -1.7405233 -1.5003021 2.2934175 0.0457832 0.7325707 0.3730878 0.5674942
337.000000 -1.7230461 -1.5060778 2.3449144 0.0473500 0.7405019 0.3776650 0.5538809
339.000000 -1.7065935 -1.5110869 2.3671167 0.0458688 0.7432184 0.3832389 0.5464892
342.000000 -1.6707639 -1.5230663 2.4092045 0.0490830 0.7455738 0.3897740 0.5383185
345.000000 -1.6608524 -1.5425694 2.4471478 0.0520210 0.7498549 0.3947384 0.5283872
348.000000 -1.6328514 -1.5636750 2.4798295 0.0533432 0.7551500 0.3954148 0.5201443
352.000000 -1.6059890 -1.5870272 2.5148625 0.0528842 0.7622896 0.3953108 0.5097520
375.000000 -1.5091393 -1.6683264 2.7334838 0.0406359 0.8053264 0.3816743 0.4517995
382.000000 -1.4733566 -1.7033463 2.8178487 0.0355541 0.8191007 0.3833574 0.4252612
388.000000 -1.4414542 -1.7285721 2.8893185 0.0345465 0.8344707 0.3797640 0.3977994
391.000000 -1.4252936 -1.7418780 2.9317980 0.0320445 0.8380414 0.3806737 0.3895476
394.000000 -1.4111540 -1.7570107 2.9798985 0.0337699 0.8399501 0.3826387 0.3833159
400.000000 -1.3643765 -1.7814603 3.0703192 0.0362475 0.8414761 0.3857209 0.3765945
406.000000 -1.3259734 -1.8074504 3.1485579 0.0347415 0.8428157 0.3845029 0.3749830
413.000000 -1.2559524 -1.8263810 3.2190690 0.0301334 0.8499454 0.3822213 0.3613748
417.000000 -1.1962250 -1.8295548 3.2553329 0.0347126 0.8592474 0.3827649 0.3376093
419.000000 -1.1796675 -1.8435156 3.2807035 0.0300184 0.8641982 0.3826269 0.3253567
421.000000 -1.1637465 -1.8520036 3.3120856 0.0264542 0.8648016 0.3901372 0.3149784
423.000000 -1.1277547 -1.8519084 3.3262336 0.0301362 0.8646219 0.3976803 0.3055669
429.000000 -1.0598886 -1.8849194 3.3770137 0.0296228 0.8700446 0.4041359 0.2807471
432.000000 -1.0277779 -1.8933877 3.3920960 0.0289988 0.8694031 0.4106861 0.2731926
441.000000 -0.9350246 -1.9494621 3.4363732 0.0307194 0.8681288 0.4139394 0.2721449
445.000000 -0.8839217 -1.9679233 3.4557819 0.0306257 0.8662289 0.4235053 0.2633491
449.000000 -0.8163928 -1.9866029 3.4512668 0.0239471 0.8702822 0.4258300 0.2463823
457.000000 -0.6915394 -2.0270743 3.4770665 0.0190165 0.8816813 0.4281867 0.1973137
459.000000 -0.6537047 -2.0333581 3.4744999 0.0215628 0.8822240 0.4311608 0.1879263
461.000000 -0.6207463 -2.0410919 3.4833374 0.0237084 0.8823902 0.4337471 0.1808008
467.000000 -0.5158894 -2.0587325 3.4824414 0.0302018 0.8828976 0.4409836 0.1584713
470.000000 -0.4683094 -2.0659688 3.4910791 0.0321492 0.8830349 0.4444096 0.1473632
473.000000 -0.4264833 -2.0740283 3.5042033 0.0320900 0.8818031 0.4496972 0.1384410
476.000000 -0.3873256 -2.0748107 3.5131085 0.0315034 0.8800876 0.4560965 0.1281770
480.000000 -0.3398102 -2.0754230 3.5273695 0.0273308 0.8791361 0.4621085 0.1132631
483.000000 -0.3089998 -2.0711808 3.5238228 0.0270597 0.8804849 0.4621798 0.1019993
488.000000 -0.2609138 -2.0717719 3.5130908 0.0258306 0.8803717 0.4649626 0.0899340
490.000000 -0.2397693 -2.0714271 3.5035305 0.0265611 0.8808176 0.4652298 0.0837620
494.000000 -0.1921018 -2.0675769 3.4755521 0.0247238 0.8823717 0.4646515 0.0700563
498.000000 -0.1417729 -2.0606949 3.4573908 0.0208543 0.8826318 0.4667718 0.0514809
501.000000 -0.1036860 -2.0615575 3.4482124 0.0191287 0.8823907 0.4686513 0.0372378
504.000000 -0.0661387 -2.0626864 3.4271772 0.0227007 0.8818561 0.4701458 0.0278813
506.000000 -0.0402495 -2.0581877 3.4115500 0.0236641 0.8801938 0.4734546 0.0232317
509.000000 -0.0047639 -2.0494885 3.3908949 0.0264820 0.8776455 0.4783113 0.0159807
514.000000 0.0459490 -2.0467439 3.3687811 0.0239325 0.8732505 0.4866543 0.0053256
520.000000 0.0933581 -2.0457344 3.3307834 0.0237503 0.8738487 0.4856061 -0.0033272
527.000000 0.1391924 -2.0401371 3.3041997 0.0138564 0.8707868 0.4913057 -0.0125319
534.000000 0.2055245 -2.0302491 3.2765579 0.0036408 0.8696821 0.4923811 -0.0346488
538.000000 0.2562393 -2.0238936 3.2575626 0.0093776 0.8682280 0.4923257 -0.0608901
542.000000 0.3158762 -2.0198367 3.2418022 0.0118612 0.8636317 0.4977050 -0.0793059
544.000000 0.3467743 -2.0166636 3.2290132 0.0152016 0.8623025 0.4982761 -0.0890186
548.000000 0.4115418 -2.0163605 3.2031262 0.0204322 0.8613958 0.4965228 -0.1050949
551.000000 0.4575496 -2.0096986 3.1745157 0.0195614 0.8597478 0.4969360 -0.1162143
555.000000 0.5086833 -2.0037889 3.1459384 0.0189481 0.8597299 0.4938731 -0.1288211
562.000000 0.5857703 -1.9857996 3.1057594 0.0157747 0.8519838 0.4983695 -0.1596952
566.000000 0.6296695 -1.9751019 3.0906405 0.0178684 0.8463975 0.5007540 -0.1803815
570.000000 0.6763171 -1.9609469 3.0842156 0.0218644 0.8388859 0.5077021 -0.1950153
576.000000 0.7366129 -1.9460711 3.0688972 0.0307585 0.8317875 0.5120748 -0.2120444
583.000000 0.7818630 -1.9181464 3.0345213 0.0355025 0.8273054 0.5142673 -0.2232363
588.000000 0.8103616 -1.8914733 3.0076094 0.0375558 0.8217443 0.5199392 -0.2301935
591.000000 0.8210619 -1.8685904 2.9856892 0.0324582 0.8159959 0.5261470 -0.2372054
596.000000 0.8490494 -1.8337892 2.9356518 0.0319541 0.8117064 0.5246420 -0.2546809
601.000000 0.8841182 -1.8011233 2.8869667 0.0340746 0.8057160 0.5231972 -0.2755456
606.000000 0.9100313 -1.7715268 2.8509099 0.0319508 0.7907832 0.5338111 -0.2978032
611.000000 0.9366515 -1.7493796 2.8186321 0.0364297 0.7833924 0.5354452 -0.3134768
617.000000 0.9658850 -1.7316183 2.7832360 0.0351409 0.7835717 0.5282998 -0.3250844
621.000000 0.9834687 -1.7248986 2.7560763 0.0347206 0.7835447 0.5227613 -0.3340251
626.000000 1.0284727 -1.7096655 2.7407446 0.0328381 0.7763319 0.5200405 -0.3546665
631.000000 1.0710735 -1.6887248 2.6900277 0.0420737 0.7674182 0.5121788 -0.3833693
636.000000 1.1184676 -1.6621529 2.6398518 0.0446376 0.7584632 0.5013770 -0.4139590
640.000000 1.1636407 -1.6398010 2.6022990 0.0426054 0.7547665 0.4878935 -0.4364313
644.000000 1.2101891 -1.6154772 2.5699897 0.0436045 0.7521921 0.4819169 -0.4472826
648.000000 1.2583857 -1.5932835 2.5387940 0.0405883 0.7538930 0.4754701 -0.4515817
654.000000 1.3304493 -1.5525331 2.5155151 0.0275332 0.7541367 0.4737437 -0.4539678
661.000000 1.3812652 -1.5138445 2.4995732 0.0129389 0.7522331 0.4692359 -0.4623804
667.000000 1.4153036 -1.4869740 2.4886196 0.0022805 0.7499681 0.4566590 -0.4785449
674.000000 1.4586442 -1.4637845 2.4800036 -0.0023607 -0.7478114 -0.4366028 0.5001505
677.000000 1.4752541 -1.4540298 2.4815555 0.0053146 -0.7408304 -0.4404683 0.5070797
684.000000 1.5261216 -1.4381574 2.4914787 0.0021654 -0.7299727 -0.4360126 0.5263346
694.000000 1.5883923 -1.4161745 2.4780536 0.0017717 -0.7275127 -0.4295301 0.5350010
700.000000 1.6220000 -1.4002597 2.4733248 0.0003234 -0.7303729 -0.4312527 0.5296946
716.000000 1.6629736 -1.3787061 2.4728565 -0.0136759 -0.7310821 -0.4239404 0.5344217
