1341847982.430770
1341847982.462624
1341847982.630723
1341847983.066707
1341847983.434705
1341847983.806672
1341847984.106759
1341847984.542747
1341847984.943053
1341847985.378830
1341847985.782765
1341847986.051991
1341847986.425858
1341847986.954690
1341847987.290653
1341847987.590776
1341847987.897796
1341847988.201710
1341847988.601796
1341847988.998737
1341847989.266651
1341847989.634745
1341847990.070686
1341847990.339079
1341847990.742712
1341847991.210687
1341847991.578804
1341847992.082793
1341847992.486713
1341847992.754765
1341847993.086751
1341847993.458848
1341847993.790887
1341847994.133885
1341847994.433802
1341847994.769803
1341847995.134939
1341847995.534752
1341847996.170714
1341847996.642752
1341847996.910785
1341847997.278756
1341847997.614736
1341847997.946999
1341847998.318804
1341847998.586740
1341847998.886699
1341847999.222717
1341847999.590686
1341847999.897730
1341848000.362696
1341848000.862750
1341848001.266775
1341848001.567011
1341848001.902749
1341848002.202698
1341848002.574707
1341848002.906656
1341848003.242926
1341848003.510700
1341848003.785807
1341848004.053778
1341848004.321820
1341848004.557784
1341848005.157668
1341848006.065849
1341848006.870724
1341848007.534834
1341848008.103209
1341848008.538786
1341848008.974723
1341848009.310898
1341848009.610955
1341848010.014819
1341848010.314754
1341848010.550631
1341848011.018704
1341848011.554674
1341848012.226750
1341848012.626774
1341848013.062714
1341848013.398748
1341848013.666669
1341848014.070990
1341848014.338694
1341848014.638688
1341848014.938697
1341848015.442783
1341848015.917793
1341848016.882757
1341848017.318695
1341848017.654814
1341848018.190824
1341848018.433770
1341848018.669811
1341848018.933795
1341848019.198644
1341848019.467021
1341848019.734756
1341848020.066696
1341848020.370812
1341848020.770817
1341848021.206698
1341848021.617752
1341848022.046709
1341848022.454164
1341848022.814772
1341848022.918835
1341848023.318763
1341848023.722693
1341848024.190945
1341848024.558627
1341848024.926754
1341848025.330653
1341848025.698755
1341848026.066857
1341848026.371024
1341848026.738795
1341848027.074785
1341848027.374943
1341848027.674731
1341848027.978757
1341848028.314908
1341848028.614649
1341848028.950881
1341848029.386923
1341848029.754791
1341848030.090782
1341848030.390832
1341848030.690656
1341848030.958727
1341848031.262715
1341848031.598730
1341848031.898722
1341848032.203043
1341848032.603044
1341848032.938845
1341848033.443097
1341848033.942752
1341848034.386162
1341848034.914816
1341848035.586716
1341848035.954633
1341848036.558942
1341848036.858633
1341848037.194724
1341848037.595756
1341848038.066849
1341848038.566862
1341848038.970765
1341848039.338889
1341848039.674760
1341848040.110819
1341848040.578879
1341848040.946862
1341848041.418768
1341848041.750776
1341848042.186714
1341848042.590841
1341848042.929860
1341848043.265717
1341848043.601838
1341848043.938034
1341848044.305742
1341848044.705966
1341848045.102831
1341848045.438695
1341848045.942758
1341848046.317731
1341848046.653748
1341848047.015086
1341848047.450847
1341848047.818804
1341848048.254953
1341848048.858661
1341848049.226742
1341848049.594759
1341848049.963022
1341848050.330688
1341848050.766882
1341848051.238747
1341848051.638863
1341848051.974762
1341848052.481496
1341848052.746833
1341848052.946675
1341848053.183210
1341848053.421775
1341848053.689724
1341848054.118853
1341848054.991052
1341848055.694797
1341848056.263915
1341848056.802861
1341848057.806842
1341848058.343169
1341848059.850685
1341848061.326612
1341848064.910832
