1526185333.138188 -0.0000000 -0.0000000 0.0000000 0.0000000 0.0000000 0.0000000 1.0000000
1526185337.888029 0.0108660 -0.0250496 0.0187173 0.0402656 0.0199139 -0.0399680 0.9981907
1526185338.022436 0.0120085 -0.0226300 0.0167804 0.0403324 0.0237305 -0.0373083 0.9982075
1526185338.600488 0.0404615 -0.0155053 0.0303753 0.0129862 0.0239712 -0.0206408 0.9994152
1526185339.816447 0.0696307 -0.0325925 0.1092793 -0.0020084 0.0002945 -0.0154013 0.9998794
1526185340.403577 0.0583564 -0.0419542 0.1712616 -0.0108686 0.0291868 -0.0156800 0.9993919
1526185340.876077 0.0879892 -0.0451103 0.1904759 -0.0217637 0.0422492 -0.0057336 0.9988536
1526185341.707295 0.0701281 -0.0697642 0.2219165 -0.0238240 0.0527552 0.0049511 0.9983110
1526185342.366915 0.0648469 -0.0922785 0.2808610 -0.0172926 0.0344712 -0.0044392 0.9992462
1526185342.762161 0.0852666 -0.1105714 0.3377036 -0.0177054 0.0223005 -0.0117642 0.9995253
1526185343.215373 0.1132161 -0.1423408 0.4301262 -0.0120072 -0.0007812 -0.0139071 0.9998309
1526185344.201530 0.1103420 -0.1770261 0.5432139 -0.0032867 0.0051970 -0.0199964 0.9997811
1526185344.759567 0.0850375 -0.2073407 0.6177553 -0.0107999 0.0416791 -0.0108424 0.9990138
1526185345.584685 0.0870302 -0.2106488 0.6688774 -0.0231536 0.0794455 0.0047688 0.9965589
1526185346.394387 0.1262044 -0.2193241 0.6615970 -0.0257483 0.0913669 0.0178136 0.9953250
1526185347.196499 0.1275295 -0.2533239 0.6653539 -0.0518308 0.0489822 -0.0046402 0.9974431
1526185347.877992 0.1056321 -0.2956482 0.6569184 -0.0424833 0.0150562 -0.0166809 0.9988444
1526185349.482589 0.1354183 -0.3269251 0.7687859 -0.0403610 0.0040275 -0.0088642 0.9991378
1526185350.100973 0.1961467 -0.3646696 0.8829022 -0.0400739 -0.0068948 -0.0156746 0.9990500
1526185351.155925 0.1952188 -0.3979175 1.0064379 -0.0369688 0.0179167 -0.0124358 0.9990784
1526185351.769344 0.1576954 -0.4398891 1.1151210 -0.0360888 0.0444100 0.0053092 0.9983472
1526185352.491816 0.1819357 -0.4762727 1.2634593 -0.0367924 0.0136185 -0.0029207 0.9992259
1526185353.182271 0.2314990 -0.5096588 1.4070057 -0.0458732 -0.0219344 -0.0175657 0.9985520
1526185354.060674 0.2075442 -0.5585433 1.5766635 -0.0515182 -0.0125594 -0.0104355 0.9985386
1526185355.021842 0.1629816 -0.6090249 1.7437716 -0.0476012 -0.0104813 -0.0029709 0.9988070
1526185355.866971 0.2055682 -0.6781912 1.9814545 -0.0518032 -0.0602314 -0.0172844 0.9966894
1526185356.669372 0.1761388 -0.7257881 2.1637592 -0.0490845 -0.0503900 -0.0087087 0.9974847
1526185357.515930 0.1139781 -0.7870857 2.3482382 -0.0461548 -0.0399614 -0.0049274 0.9981225
1526185358.233096 0.1420974 -0.8464696 2.5348518 -0.0456998 -0.0779845 -0.0138534 0.9958103
1526185359.282840 0.1053966 -0.9016750 2.7568102 -0.0502541 -0.0948557 -0.0238084 0.9939367
1526185360.213889 0.0289764 -0.9650006 3.0049176 -0.0594234 -0.1287890 -0.0225173 0.9896339
1526185361.121327 0.0517673 -1.0126529 3.1823287 -0.0652490 -0.1834807 -0.0565666 0.9792230
1526185362.292884 -0.0639164 -1.0659443 3.3340087 -0.0604473 -0.1738256 -0.0535172 0.9814615
1526185363.349066 -0.1301100 -1.1015273 3.4810886 -0.0710556 -0.1963278 -0.0634995 0.9758967
1526185364.354155 -0.1547302 -1.1632278 3.6376865 -0.0548846 -0.2806692 -0.0945027 0.9535627
1526185365.313117 -0.1952627 -1.1856667 3.6998720 -0.0455310 -0.3436077 -0.1135766 0.9311075
1526185366.579586 -0.3380069 -1.2003415 3.7662601 -0.0562064 -0.3666894 -0.1271962 0.9198918
1526185367.495505 -0.3720944 -1.2018442 3.7536144 -0.0563074 -0.4355708 -0.1639036 0.8833137
1526185368.442561 -0.4108962 -1.1956718 3.7267132 -0.0569569 -0.4769266 -0.1787518 0.8586878
1526185371.095670 -0.4164287 -1.2198725 3.7650361 -0.0527307 -0.4105041 -0.1499138 0.8979041
1526185372.149857 -0.3741601 -1.2781260 3.9828999 -0.0556577 -0.4277043 -0.1490905 0.8897996
1526185373.283465 -0.3675357 -1.3275608 4.1549091 -0.0566410 -0.4314664 -0.1434788 0.8888433
1526185374.312253 -0.4913734 -1.3613826 4.2544899 -0.0572424 -0.4306683 -0.1399085 0.8897605
1526185375.274224 -0.5329016 -1.4113744 4.4228315 -0.0495656 -0.5173854 -0.1737177 0.8364674
1526185377.306795 -0.7271663 -1.4337280 4.5082493 -0.0518751 -0.5298745 -0.1831682 0.8264329
1526185378.696104 -0.8642318 -1.4647789 4.6438084 -0.0574732 -0.5949270 -0.2149249 0.7723768
1526185380.543422 -1.0308810 -1.4854935 4.7215214 -0.0539048 -0.6214212 -0.2233015 0.7490437
1526185382.006303 -1.2781854 -1.5044289 4.7544098 -0.0612179 -0.6339990 -0.2252565 0.7372633
1526185382.837166 -1.4286709 -1.5291041 4.8532543 -0.0605324 -0.6651296 -0.2375617 0.7053388
1526185384.364565 -1.6651975 -1.5229645 4.8715386 -0.0741194 -0.6628538 -0.2438411 0.7040403
1526185384.941968 -1.7594731 -1.5513132 4.9552135 -0.0715057 -0.6981634 -0.2584004 0.6638404
1526185385.796816 -1.8257697 -1.5772321 5.0398531 -0.0747868 -0.7122564 -0.2613154 0.6471569
1526185386.631782 -1.9763341 -1.5561839 5.0238800 -0.0825448 -0.7159103 -0.2614623 0.6421031
1526185387.584400 -2.1157413 -1.5559840 4.9929056 -0.0813651 -0.7112934 -0.2593965 0.6481935
1526185388.244066 -2.2598658 -1.5738906 5.0288100 -0.0817553 -0.7266168 -0.2693101 0.6267505
1526185388.914517 -2.4214108 -1.5974748 5.0903769 -0.0712845 -0.7445455 -0.2659295 0.6081547
1526185389.590651 -2.5175767 -1.5984445 5.0866952 -0.0724305 -0.7491205 -0.2538645 0.6075568
1526185390.305372 -2.6184134 -1.5883976 5.0217628 -0.0703400 -0.7315928 -0.2515659 0.6297133
1526185391.009962 -2.7523737 -1.5899205 5.0330200 -0.0695230 -0.7445863 -0.2579836 0.6117207
1526185391.710912 -2.9056187 -1.6051610 5.0954466 -0.0709848 -0.7537439 -0.2631009 0.5980043
1526185392.684977 -3.0884135 -1.6069856 5.1192513 -0.0667929 -0.7462470 -0.2661462 0.6064819
1526185393.581528 -3.2624619 -1.6037703 5.0863590 -0.0665941 -0.7290880 -0.2589482 0.6300331
1526185394.405458 -3.4846168 -1.6147618 5.1148562 -0.0671111 -0.7607884 -0.2643917 0.5888923
1526185395.666027 -3.7092981 -1.5951285 5.0712953 -0.0698074 -0.7872258 -0.2903816 0.5395193
1526185397.045322 -3.9251666 -1.5805733 4.9979696 -0.0733208 -0.7924998 -0.2914758 0.5306693
1526185398.002683 -4.1241794 -1.5815761 4.9908233 0.0742579 0.8404470 0.3065621 -0.4406295
1526185399.273341 -4.2926965 -1.5394433 4.9236441 0.0748583 0.8559956 0.3179772 -0.4006972
1526185400.147397 -4.3952069 -1.5003986 4.7921944 0.0758088 0.8660500 0.3329080 -0.3652160
1526185400.884632 -4.5173759 -1.5024936 4.7398157 0.0636686 0.8968922 0.3382297 -0.2777253
1526185401.743875 -4.5946541 -1.4921358 4.7146282 0.0592898 0.9174661 0.3442878 -0.1902803
1526185402.787106 -4.6376109 -1.4516120 4.6483250 0.0585325 0.9186709 0.3667280 -0.1346413
1526185403.414198 -4.6442599 -1.4193403 4.5285621 0.0538008 0.9180154 0.3723401 -0.1253640
1526185404.379529 -4.6426539 -1.3889419 4.4204664 0.0494540 0.9243485 0.3668142 -0.0926370
1526185405.312239 -4.7554088 -1.3627353 4.3184328 0.0519531 0.9289318 0.3656819 -0.0257569
1526185406.083347 -4.8441319 -1.3330970 4.2246866 0.0408105 0.9320595 0.3584079 0.0338135
1526185407.243124 -4.8352818 -1.2825952 4.0212517 0.0433717 0.9323757 0.3573791 0.0327809
1526185408.146670 -4.8615646 -1.2374939 3.8688114 0.0317573 0.9256259 0.3619050 0.1059859
1526185408.950302 -4.9118428 -1.2090745 3.7744155 0.0306572 0.9174941 0.3557311 0.1752715
1526185412.142345 -4.7941208 -1.1356714 3.5295787 0.0180113 0.8977932 0.3480017 0.2693284
1526185413.187093 -4.8380966 -1.1212769 3.4864631 0.0253937 0.8783110 0.3424027 0.3326941
1526185414.209655 -4.8781524 -1.1177499 3.4773896 0.0133213 0.8486313 0.3352756 0.4089471
1526185415.046602 -4.8590732 -1.1185298 3.5040073 0.0076467 0.8259330 0.3344236 0.4538029
1526185415.682230 -4.8346300 -1.1352546 3.5475297 0.0089882 0.8215815 0.3325380 0.4629704
1526185416.378958 -4.8272018 -1.1550676 3.5942614 0.0035141 0.8147975 0.3262274 0.4792373
1526185417.158803 -4.7998576 -1.1724257 3.6734505 -0.0029881 0.7953674 0.3254230 0.5113529
1526185417.811541 -4.7687926 -1.1844280 3.7291622 -0.0095729 0.7744198 0.3227386 0.5440792
1526185418.641029 -4.7232075 -1.2044531 3.7821825 -0.0187698 0.7452925 0.3091224 0.5904490
1526185419.246970 -4.6729565 -1.2161707 3.8226264 -0.0273839 0.7163265 0.3048831 0.6270348
1526185422.279026 -4.6556163 -1.1950946 3.7469487 -0.0169392 0.7172843 0.3062175 0.6256573
1526185422.865974 -4.7071400 -1.1641124 3.6526785 -0.0085572 0.7475731 0.3136485 0.5853938
1526185423.652424 -4.7778015 -1.1348243 3.5637107 0.0006415 0.7837821 0.3226312 0.5306546
1526185424.575132 -4.8577642 -1.1080785 3.4766593 0.0091593 0.8251616 0.3365248 0.4536248
1526185425.390300 -4.8581123 -1.0813446 3.3927579 0.0167808 0.8581201 0.3514181 0.3739701
1526185427.398079 -4.8796206 -1.0537858 3.2962754 0.0256127 0.9045607 0.3714440 0.2077098
1526185428.778706 -4.9804125 -1.0436193 3.2425098 0.0346954 0.9196219 0.3674732 0.1343693
1526185430.175589 -5.0828419 -0.9918032 3.1296756 0.0499519 0.9173162 0.3793047 0.1102896
1526185431.916251 -5.0660672 -0.9283557 2.9161553 0.0473614 0.9215781 0.3802188 0.0623246
1526185433.279302 -5.0756373 -0.8742870 2.7148399 0.0332375 0.9186444 0.3708185 0.1322170
1526185434.380077 -5.0732698 -0.8272297 2.6006441 0.0219467 0.9003708 0.3771515 0.2158876
1526185435.407649 -4.9238548 -0.8054917 2.5242190 0.0119302 0.8809505 0.3727552 0.2912688
1526185436.630438 -4.8228483 -0.7907956 2.4502978 -0.0082918 0.8568564 0.3667758 0.3622208
1526185438.946534 -4.7813144 -0.8016291 2.4742050 -0.0100678 0.7993686 0.3433982 0.4929363
1526185439.919666 -4.7441468 -0.8184224 2.5322115 -0.0253369 0.7571259 0.3286052 0.5640364
1526185440.931031 -4.6773038 -0.8385931 2.5878556 -0.0351213 0.7075842 0.3077343 0.6351305
1526185441.995985 -4.6495709 -0.8440037 2.6557868 -0.0495922 0.6615172 0.2985010 0.6861725
1526185442.978318 -4.6004519 -0.8783686 2.7342992 -0.0552570 0.6249365 0.2707349 0.7301395
1526185443.860803 -4.5491524 -0.9123770 2.7901599 -0.0518865 0.5871994 0.2467157 0.7691787
1526185444.667685 -4.5442457 -0.9312730 2.8455844 -0.0545906 0.5445509 0.2294874 0.8048725
1526185445.519193 -4.5358353 -0.9449976 2.9086401 -0.0618594 0.5019771 0.2142179 0.8356453
1526185446.452877 -4.5218124 -0.9622086 3.0000350 -0.0714873 0.4316872 0.1873317 0.8794558
1526185447.302491 -4.5306702 -0.9702246 3.0590544 -0.0815409 0.3845899 0.1731265 0.9030332
1526185449.253969 -4.5154676 -0.9521828 2.9464784 -0.0550517 0.4622297 0.1962022 0.8630282
1526185450.159372 -4.5340281 -0.9409972 2.8568821 -0.0463713 0.5223173 0.2091115 0.8254131
1526185451.093976 -4.5538969 -0.9175673 2.7655516 -0.0390349 0.5712999 0.2345539 0.7855427
1526185452.100836 -4.5776052 -0.8899953 2.6807649 -0.0287481 0.6235952 0.2563009 0.7379786
1526185453.178874 -4.6069884 -0.8708875 2.6248384 -0.0269977 0.6756425 0.2788487 0.6819250
1526185454.279851 -4.6273565 -0.8504332 2.5516276 -0.0233327 0.7334343 0.2993446 0.6098545
1526185458.182498 -4.8792362 -0.8258958 2.4485235 0.0062322 0.9053263 0.3679450 0.2120422
1526185459.354548 -4.9726033 -0.7566915 2.2830327 0.0179856 0.9044626 0.3689745 0.2132643
1526185460.426728 -4.9680371 -0.7158031 2.1127756 0.0037076 0.9113677 0.3607187 0.1981851
1526185461.610881 -4.9092445 -0.6600976 1.9262626 0.0172238 0.9098503 0.3581761 0.2087720
1526185462.561923 -4.9334769 -0.5928814 1.7150660 0.0105875 0.8854778 0.3529896 0.3020186
1526185463.596055 -4.8359509 -0.5333954 1.5644974 0.0042588 0.8787361 0.3548142 0.3192358
1526185464.649463 -4.7399731 -0.5029118 1.4370406 -0.0016833 0.8541489 0.3599899 0.3752789
1526185465.562621 -4.7102261 -0.4736385 1.3518285 -0.0114685 0.8066349 0.3419974 0.4819195
1526185466.556335 -4.7039971 -0.4607110 1.3288298 -0.0193003 0.7655795 0.3286797 0.5527072
1526185467.772297 -4.6028404 -0.4397455 1.2350419 -0.0261847 0.7741534 0.3320509 0.5382779
1526185468.876511 -4.4911294 -0.4142787 1.1419833 -0.0308252 0.7412251 0.3219991 0.5881767
1526185470.044762 -4.4812107 -0.3647473 0.9728335 -0.0274575 0.6920792 0.3034459 0.6543647
1526185471.447969 -4.3367667 -0.3503278 0.9597063 -0.0498576 0.6692735 0.3034439 0.6763941
1526185472.678125 -4.1352801 -0.3634022 0.9498201 -0.0385413 0.6705087 0.2862182 0.6833826
1526185473.795738 -3.9031830 -0.3415699 0.8279538 -0.0379542 0.6260324 0.2660086 0.7320399
1526185475.196832 -3.7015409 -0.3491472 0.8608243 -0.0442505 0.6457184 0.2713042 0.7123789
1526185476.491927 -3.5145071 -0.3218457 0.8271092 -0.0442508 0.6377527 0.2814200 0.7156228
1526185477.599142 -3.3118320 -0.2966658 0.7644566 -0.0469870 0.6213361 0.2737082 0.7326783
1526185478.619656 -3.1257062 -0.3258249 0.8036799 -0.0448644 0.6453366 0.2728801 0.7120845
1526185479.512412 -2.9344296 -0.3178449 0.7906759 -0.0472111 0.6287490 0.2690494 0.7280510
1526185480.527868 -2.7382731 -0.3068252 0.7408927 -0.0519857 0.6233528 0.2547671 0.7374433
1526185481.534227 -2.5437460 -0.3459115 0.7679797 -0.0211756 0.6594524 0.2431795 0.7110119
1526185482.703820 -2.3062198 -0.3400024 0.7167651 -0.0143241 0.6412801 0.2236601 0.7338467
1526185483.831519 -2.0676529 -0.3307975 0.6989822 -0.0256342 0.6229842 0.2237801 0.7491035
1526185485.240024 -1.8173543 -0.3513381 0.7564805 -0.0236731 0.5928618 0.2180003 0.7748744
1526185486.327776 -1.6154984 -0.3326676 0.6774125 -0.0368377 0.5043674 0.1920146 0.8410630
1526185487.361877 -1.5396982 -0.3220259 0.6858565 -0.0471744 0.4580748 0.1801918 0.8691795
1526185488.380438 -1.3761981 -0.3609815 0.7920285 -0.0557800 0.4560748 0.1742914 0.8709230
1526185489.478096 -1.2162466 -0.3828621 0.8495264 -0.0494603 0.4013965 0.1594984 0.9005525
1526185490.470621 -1.0376655 -0.3937891 0.8777333 -0.0521426 0.3007154 0.1319313 0.9431042
1526185491.474734 -0.9156311 -0.4050211 0.9577154 -0.0698236 0.2861050 0.1207725 0.9479887
1526185492.462709 -0.8183961 -0.4614686 1.1005511 -0.0630546 0.2611306 0.1110535 0.9568188
1526185493.592323 -0.6016380 -0.4852133 1.1988924 -0.0654735 0.1452256 0.0807794 0.9839194
1526185495.032920 -0.4577610 -0.5129299 1.3866854 -0.0809542 0.0978997 0.0611350 0.9900124
1526185496.107875 -0.3939223 -0.5793053 1.5709643 -0.0755121 0.0418375 0.0407924 0.9954313
1526185497.048410 -0.2222634 -0.6237103 1.7061070 -0.0703983 -0.0379661 0.0139433 0.9966987
1526185498.122832 -0.1553256 -0.6668618 1.8430631 -0.0555881 -0.0500714 0.0073394 0.9971704
1526185498.892347 -0.1546496 -0.7205988 1.9690306 -0.0483031 -0.0497885 0.0091592 0.9975490
1526185499.677772 -0.0400542 -0.7672131 2.1261525 -0.0403396 -0.1101716 -0.0137830 0.9929979
1526185501.577137 -0.0973065 -0.8231212 2.3863699 -0.0625905 -0.1450303 -0.0307247 0.9869674
1526185503.970117 -0.1851889 -0.8885902 2.5312672 -0.0326328 -0.3085023 -0.0971324 0.9456885
1526185505.910765 -0.2922204 -0.8897389 2.5639658 -0.0364135 -0.4564171 -0.1514353 0.8760279
1526185507.733334 -0.3680481 -0.8444304 2.5012078 -0.0669430 -0.5248988 -0.1949439 0.8258309
1526185509.128078 -0.4368837 -0.8355988 2.4345453 -0.0525384 -0.5692318 -0.2082527 0.7936282
1526185510.704266 -0.4774294 -0.8092400 2.4086928 -0.0618339 -0.6440384 -0.2390317 0.7240546
1526185512.235629 -0.4885431 -0.7843151 2.3521793 -0.0600556 -0.6925781 -0.2672149 0.6673269
1526185513.209370 -0.4567674 -0.7492893 2.2411809 -0.0643365 -0.6825220 -0.2773013 0.6731482
1526185515.816492 -0.3587701 -0.7938766 2.4012353 -0.0535237 -0.7456645 -0.2913144 0.5968715
1526185518.485587 -0.4032329 -0.8332558 2.5111103 -0.0604532 -0.7168143 -0.2712666 0.6394818
1526185519.567571 -0.5296943 -0.8590430 2.5549815 -0.0650554 -0.6650494 -0.2680287 0.6940013
1526185520.922208 -0.5679496 -0.8909984 2.6792006 -0.0669104 -0.6459162 -0.2478620 0.7189435
1526185521.844057 -0.5997654 -0.9519209 2.8419487 -0.0611198 -0.6584018 -0.2434393 0.7095835
1526185522.734099 -0.5952961 -0.9870533 2.9851825 -0.0606865 -0.6390002 -0.2386345 0.7287315
1526185524.520084 -0.7245079 -1.0192221 3.0985351 -0.0697552 -0.5516745 -0.2176464 0.8021343
1526185526.391853 -0.8102890 -1.0646889 3.2654600 -0.0600309 -0.5172793 -0.2060757 0.8284631
1526185527.836864 -0.8962985 -1.0317845 3.1796355 -0.1047019 -0.4006792 -0.1765903 0.8929219
1526185529.373127 -0.8168182 -1.0294042 3.1912305 -0.1524980 -0.2921133 -0.1608887 0.9303381
1526185531.481026 -0.9347624 -1.0374283 3.1268013 -0.1008548 -0.4035999 -0.1791523 0.8915380
1526185533.060723 -0.9898671 -1.0536361 3.1243763 -0.0747734 -0.5043412 -0.2020761 0.8361902
1526185534.599148 -1.0255965 -1.0400547 3.0676644 -0.0581541 -0.6151467 -0.2386087 0.7491853
1526185536.083924 -1.0731175 -1.0065500 2.9748564 -0.0575806 -0.6848461 -0.2659028 0.6759926
1526185537.688673 -1.1196234 -0.9606985 2.8460252 -0.0505108 -0.7522408 -0.3072927 0.5806494
1526185539.208905 -1.1177636 -0.9140646 2.7379229 -0.0557048 -0.7924498 -0.3444616 0.5002665
1526185540.616580 -1.0721965 -0.8907794 2.6830559 0.0425090 0.8147617 0.3687903 -0.4453651
1526185544.113431 -1.1376100 -0.9114661 2.7225738 -0.0399146 -0.7740935 -0.3269920 0.5406128
1526185545.462123 -1.0972416 -0.9501108 2.8571305 -0.0579281 -0.7251657 -0.3031646 0.6155244
1526185546.488936 -1.0604427 -0.9861324 2.9542613 -0.0578193 -0.6720034 -0.2844018 0.6813105
1526185549.221716 -0.9710585 -0.9958729 2.9434142 -0.0555630 -0.6074288 -0.2618883 0.7479021
