1521772894.031202 0.0000000 0.0000000 0.0000000 0.0000000 0.0000000 0.0000000 1.0000000
1521772904.667034 -0.0271069 -0.0256853 -0.1616545 -0.0215252 -0.0057283 -0.0097724 0.9997041
1521772904.784742 -0.0289479 -0.0265259 -0.1690798 -0.0218011 -0.0072072 -0.0099378 0.9996870
1521772905.281762 -0.0210259 -0.0306413 -0.2059877 -0.0200025 -0.0190640 -0.0180139 0.9994559
1521772906.642679 -0.0289986 -0.0305945 -0.2421587 -0.0118424 0.0018353 -0.0187899 0.9997516
1521772907.712467 -0.1004324 -0.0488596 -0.2903982 -0.0201392 -0.0141941 -0.0323277 0.9991736
1521772908.345822 -0.1754515 -0.0628502 -0.2701251 -0.0176966 -0.0041969 -0.0387740 0.9990824
1521772908.863971 -0.2291221 -0.0473844 -0.2580635 -0.0131230 -0.0006788 -0.0258996 0.9995782
1521772909.507452 -0.2950473 -0.0410722 -0.2294681 -0.0174491 -0.0476425 -0.0281580 0.9983150
1521772910.064199 -0.4028478 -0.0366587 -0.2099236 -0.0283713 -0.0299342 -0.0239435 0.9988622
1521772910.522716 -0.5071862 -0.0339960 -0.1991457 -0.0301272 -0.0104110 -0.0286717 0.9990805
1521772911.013719 -0.5452999 -0.0281216 -0.1826115 -0.0353963 -0.0292964 -0.0310579 0.9984609
1521772911.513818 -0.5931966 -0.0275944 -0.1805993 -0.0346799 -0.0710243 -0.0191060 0.9966884
1521772912.024402 -0.6958625 -0.0298636 -0.1947095 -0.0439023 -0.0412372 -0.0044213 0.9981746
1521772912.430042 -0.7395409 -0.0347220 -0.2068437 -0.0398245 0.0322400 0.0086359 0.9986491
1521772912.977522 -0.7467808 -0.0486061 -0.2295324 -0.0224640 0.1541124 0.0144816 0.9876918
1521772913.477987 -0.7116710 -0.0496513 -0.2316110 -0.0247490 0.2683232 0.0175648 0.9628507
1521772914.108096 -0.6046118 -0.0546582 -0.1835781 -0.0225950 0.3539022 0.0416438 0.9340817
1521772914.592580 -0.5415239 -0.0650170 -0.1658524 -0.0266578 0.4300419 0.0427669 0.9014013
1521772915.111073 -0.5403932 -0.0693613 -0.1249258 -0.0276907 0.5112665 0.0536169 0.8573010
1521772915.642852 -0.5591409 -0.0796519 -0.0673072 -0.0331916 0.5853618 0.0611131 0.8077841
1521772916.180010 -0.5822809 -0.1267134 -0.0281801 0.0135550 0.6483591 0.0333135 0.7604848
1521772918.288622 -0.6143926 -0.0955247 -0.2769367 -0.0064747 0.6860654 0.0531419 0.7255676
1521772919.655910 -0.6071619 -0.0591452 -0.3854147 -0.0142491 0.6964105 0.0757005 0.7134975
1521772920.080942 -0.6157853 -0.0582302 -0.4675635 -0.0401887 0.6921389 0.0964869 0.7141561
1521772920.625175 -0.6352357 -0.0594127 -0.5791720 -0.0451397 0.6967235 0.0966314 0.7093667
1521772921.028285 -0.6341408 -0.0630490 -0.6335882 -0.0477041 0.7143440 0.0981194 0.6912376
1521772921.945821 -0.5958141 -0.0738228 -0.6274518 -0.0283481 0.7349896 0.0846878 0.6721715
1521772922.618985 -0.5982434 -0.0662621 -0.7329855 -0.0399660 0.7315307 0.0923156 0.6743466
1521772923.260442 -0.6045889 -0.0709610 -0.8164970 -0.0429467 0.7485337 0.0907398 0.6554534
1521772923.804475 -0.5925211 -0.1044201 -0.7608121 -0.0235187 0.7622323 0.0550114 0.6445329
1521772924.584799 -0.5812629 -0.1477772 -0.7202969 0.0289294 0.7637023 -0.0176498 0.6446785
1521772925.601933 -0.5653506 -0.1781159 -0.6309701 0.0858565 0.7447552 -0.0666062 0.6584315
1521772927.215531 -0.5737625 -0.1990590 -0.4643884 0.0962106 0.6965217 -0.0669604 0.7078964
1521772928.412164 -0.5864598 -0.2092613 -0.2033690 0.1032131 0.6973376 -0.0557319 0.7070794
1521772929.388360 -0.5457843 -0.2277025 -0.1799059 0.1071517 0.6575698 -0.0748339 0.7419707
1521772929.966215 -0.5510507 -0.2447957 -0.0765970 0.1238515 0.6764547 -0.0794475 0.7216356
1521772930.528503 -0.5425581 -0.2550585 0.0274307 0.1361935 0.6741189 -0.0880263 0.7206014
1521772931.125763 -0.5486298 -0.2349007 0.1320415 0.1255281 0.6580491 -0.0722947 0.7389097
1521772931.844199 -0.5625929 -0.1679181 0.1690222 0.0355607 0.6580737 0.0072080 0.7520788
1521772932.939118 -0.5721630 -0.0873717 0.1589626 -0.0696389 0.6565062 0.1047853 0.7437541
1521772933.873196 -0.5764808 -0.0552282 0.1144832 -0.0938020 0.6985653 0.1373195 0.6959533
1521772934.730068 -0.5793115 -0.0570735 0.0359430 -0.0816390 0.7698044 0.1465679 0.6158362
1521772935.440199 -0.6065245 -0.0764326 -0.0452014 -0.0651503 0.8335688 0.1386078 0.5307602
1521772936.118598 -0.6385869 -0.0847133 -0.0870135 -0.0433088 0.8880378 0.1343440 0.4375670
1521772936.643778 -0.6766927 -0.0946020 -0.1221671 -0.0206149 0.9288964 0.1322104 0.3453216
1521772937.509252 -0.6786038 -0.1111333 -0.1677294 0.0039134 0.9492044 0.0905621 0.3013209
1521772938.474627 -0.6386955 -0.1632530 -0.2331659 0.0509484 0.9193814 -0.0257969 0.3891999
1521772939.635460 -0.5862110 -0.1913072 -0.1084365 0.0752609 0.8027729 -0.0253381 0.5909733
1521772940.344369 -0.5685585 -0.1746001 0.0496512 0.0524005 0.7254802 0.0171148 0.6860319
1521772941.059372 -0.5770485 -0.1372033 0.1512464 0.0152552 0.6858290 0.0520258 0.7257404
1521772942.041340 -0.5749639 -0.0601486 0.1620027 -0.0858757 0.6683066 0.1442774 0.7246900
1521772942.941840 -0.5562456 -0.0233711 0.0875086 -0.1156378 0.6787854 0.1813067 0.7021439
1521772943.903918 -0.5224391 -0.0170994 -0.0583223 -0.1166671 0.7131611 0.1894362 0.6647586
1521772944.571514 -0.5079777 -0.0066095 -0.1839194 -0.1108473 0.7421728 0.1908847 0.6328155
1521772945.268003 -0.5031707 -0.0008126 -0.2860897 -0.1241123 0.7440470 0.1886505 0.6288093
1521772945.970028 -0.4574450 0.0128632 -0.3746554 -0.1278041 0.7696655 0.1948356 0.5944074
1521772946.660276 -0.3962111 0.0176902 -0.4732873 -0.1276172 0.7835937 0.1954445 0.5757571
1521772947.312566 -0.3417477 0.0088178 -0.5844578 -0.1380737 0.7485120 0.1501539 0.6309669
1521772947.993411 -0.2580242 -0.0142206 -0.5175921 -0.1289397 0.6912889 0.1200628 0.7007704
1521772948.120300 -0.2427096 -0.0143635 -0.4940125 -0.1307170 0.6846204 0.1155884 0.7077056
1521772948.657019 -0.1557205 -0.0283801 -0.3801310 -0.1284020 0.6198565 0.0874858 0.7691795
1521772949.337461 -0.1198524 -0.0463306 -0.2488501 -0.1051645 0.5431677 0.0507409 0.8314654
1521772950.034472 -0.0251860 -0.0502743 -0.1929040 -0.0797200 0.3674566 0.0173165 0.9264559
1521772951.190754 0.0715991 -0.0638820 -0.1351901 -0.0772611 0.1602691 0.0035557 0.9840386
