1525511131.152932 -0.0000000 0.0000000 0.0000000 0.0000000 0.0000000 0.0000000 1.0000000
1525511136.511385 0.0045062 -0.0454010 0.2711389 0.0062926 0.0119874 0.0016877 0.9999069
1525511136.615401 0.0032723 -0.0486836 0.2878366 0.0047309 0.0104454 0.0020462 0.9999322
1525511137.033170 -0.0041460 -0.0620446 0.3669006 0.0051410 -0.0044214 0.0004140 0.9999769
1525511137.767366 -0.0281711 -0.0851981 0.5186749 0.0060577 -0.0427172 -0.0051099 0.9990558
1525511139.018297 -0.0666699 -0.1263970 0.7756083 0.0046805 -0.0524489 -0.0082495 0.9985785
1525511140.387663 -0.1074105 -0.1700056 1.0545049 0.0063720 -0.0546602 -0.0091438 0.9984428
1525511141.738082 -0.1365054 -0.2135657 1.3093438 0.0056485 -0.0562059 -0.0076027 0.9983743
1525511142.805205 -0.1667198 -0.2490060 1.5217026 0.0059141 -0.0504105 -0.0078331 0.9986804
1525511144.035071 -0.1747046 -0.2855037 1.7661326 0.0060254 -0.0212876 -0.0030578 0.9997506
1525511145.177815 -0.1838506 -0.3286031 1.9990644 0.0041139 -0.0193185 -0.0019564 0.9998030
1525511146.559014 -0.1986689 -0.3743861 2.2818360 0.0041890 -0.0182636 -0.0019172 0.9998226
1525511147.976906 -0.2151931 -0.4222643 2.5623286 0.0052351 -0.0180759 -0.0026751 0.9998193
1525511148.720194 -0.2237282 -0.4471961 2.7167907 0.0047787 -0.0185381 -0.0026680 0.9998132
1525511149.632723 -0.2310702 -0.4776698 2.9150922 0.0036514 -0.0190827 -0.0012828 0.9998104
1525511150.540151 -0.2441605 -0.5067181 3.0947044 0.0050734 -0.0190061 -0.0018962 0.9998047
1525511151.710444 -0.2592870 -0.5481004 3.3348927 0.0063925 -0.0192181 -0.0019401 0.9997930
1525511153.168308 -0.2739087 -0.6011586 3.6345170 0.0041253 -0.0204468 -0.0013126 0.9997815
1525511154.787886 -0.2911865 -0.6510450 3.9373305 0.0041597 -0.0222693 -0.0013441 0.9997424
1525511157.473140 -0.3667537 -0.6950362 4.2146568 0.0027054 -0.0834217 -0.0117764 0.9964411
1525511158.533126 -0.4156415 -0.7215218 4.3604288 -0.0005632 -0.1305145 -0.0179005 0.9912846
1525511159.169289 -0.4821616 -0.7287169 4.3818913 -0.0013164 -0.2516975 -0.0350708 0.9671694
1525511160.232858 -0.5695288 -0.7192962 4.3893209 0.0036573 -0.3630312 -0.0562232 0.9300720
1525511161.490193 -0.5925410 -0.7123074 4.4245491 0.0073215 -0.3369313 -0.0540688 0.9399469
1525511163.784414 -0.6910248 -0.7447613 4.5324531 0.0004090 -0.3569996 -0.0551933 0.9324724
1525511165.027441 -0.8467774 -0.7506665 4.6207352 0.0031464 -0.4258260 -0.0674074 0.9022852
1525511166.283180 -1.0268514 -0.7669104 4.7184191 0.0013381 -0.4789996 -0.0754689 0.8745639
1525511167.467497 -1.1632562 -0.7639574 4.7336140 0.0039856 -0.5581319 -0.0906605 0.8247749
1525511169.092905 -1.3731717 -0.7702255 4.7829070 0.0042767 -0.5880921 -0.0953680 0.8031402
1525511170.379755 -1.5117249 -0.7688644 4.7838736 0.0046146 -0.6376348 -0.1033728 0.7633575
1525511171.210957 -1.6197701 -0.7678402 4.7789917 0.0051929 -0.6637238 -0.1081647 0.7400974
1525511172.197195 -1.7390736 -0.7667365 4.7824440 0.0056542 -0.6708145 -0.1095539 0.7334670
1525511173.123071 -1.9203687 -0.7658432 4.7866526 0.0044314 -0.6760864 -0.1123965 0.7281858
1525511174.069123 -2.1064842 -0.7669652 4.8144398 0.0026504 -0.6481112 -0.1096579 0.7536047
1525511174.996382 -2.2735190 -0.7705208 4.8440518 0.0027215 -0.6350881 -0.1073666 0.7649367
1525511175.804743 -2.4508150 -0.7755384 4.8610878 0.0035866 -0.6499069 -0.1081736 0.7522677
1525511176.602219 -2.6095164 -0.7749494 4.8632908 0.0046455 -0.6658334 -0.1109736 0.7377867
1525511177.410430 -2.7610002 -0.7769254 4.8735328 0.0040800 -0.6695332 -0.1117480 0.7343167
1525511178.180749 -2.9219770 -0.7743151 4.8858337 0.0022315 -0.6708856 -0.1124026 0.7329893
1525511179.055248 -3.1000519 -0.7770051 4.8948936 0.0019159 -0.6715901 -0.1123287 0.7323560
1525511179.735286 -3.2418921 -0.7774673 4.9008894 0.0025241 -0.6744713 -0.1119458 0.7297604
1525511180.453938 -3.3954504 -0.7751750 4.8992100 0.0037163 -0.6855328 -0.1131109 0.7191918
1525511181.194862 -3.5410450 -0.7755802 4.8974495 0.0031106 -0.6898746 -0.1142063 0.7148568
1525511181.953232 -3.7084994 -0.7726178 4.8985515 0.0018520 -0.6956099 -0.1145333 0.7092289
1525511182.870058 -3.8929429 -0.7739016 4.8974633 0.0013129 -0.6975920 -0.1142619 0.7073244
1525511184.027196 -4.1292791 -0.7721314 4.8977938 0.0023034 -0.6994506 -0.1129603 0.7056936
1525511185.042094 -4.3498626 -0.7839620 4.8750963 -0.0017817 -0.7222209 -0.1216813 0.6808726
1525511185.721076 -4.5140705 -0.7767104 4.8062267 -0.0062175 -0.7809430 -0.1323922 0.6103783
1525511187.285903 -4.7737932 -0.7336328 4.6510234 -0.0080771 -0.8520474 -0.1419609 0.5037827
1525511189.451383 -4.8948989 -0.7053627 4.5101957 0.0074863 0.8941486 0.1500902 -0.4217999
1525511190.614532 -4.9937162 -0.6841083 4.4096699 0.0075241 0.9054607 0.1499566 -0.3969854
1525511191.191745 -5.0415630 -0.6728166 4.3242850 0.0086426 0.9216828 0.1532474 -0.3562881
1525511191.778902 -5.0734210 -0.6558437 4.2553844 0.0070308 0.9369623 0.1541858 -0.3134948
1525511193.094137 -5.1380548 -0.6355819 4.1321435 0.0075767 0.9467146 0.1549836 -0.2822306
1525511194.189704 -5.1674266 -0.6122975 4.0303903 0.0047571 0.9588538 0.1543562 -0.2382243
1525511194.987312 -5.2041588 -0.5964442 3.9037104 0.0064306 0.9660428 0.1590745 -0.2035077
1525511195.578488 -5.2123756 -0.5723336 3.8084798 0.0059568 0.9790197 0.1596627 -0.1264627
1525511196.400823 -5.1962066 -0.5581006 3.7322021 0.0054484 0.9856756 0.1591604 -0.0555158
1525511197.549594 -5.1980867 -0.5278862 3.5760572 0.0065388 0.9867643 0.1602602 -0.0238758
1525511199.203285 -5.2001271 -0.4882503 3.3286834 0.0065894 0.9869851 0.1603288 -0.0105617
1525511200.447382 -5.1996465 -0.4460729 3.0712013 0.0065753 0.9869633 0.1606830 -0.0064180
1525511201.544515 -5.2002087 -0.4129565 2.8718035 0.0064770 0.9869985 0.1605338 -0.0045678
1525511202.599092 -5.2036786 -0.3772542 2.6529527 0.0081844 0.9865935 0.1629611 -0.0031606
1525511203.827669 -5.1995668 -0.3359159 2.4025173 0.0074968 0.9865766 0.1631111 -0.0022960
1525511205.222463 -5.1962667 -0.2962973 2.1243095 0.0068300 0.9865118 0.1635399 -0.0016004
1525511206.478978 -5.1976132 -0.2536725 1.8657786 0.0080663 0.9861122 0.1658847 -0.0001930
1525511207.744396 -5.1614881 -0.2276877 1.5939810 0.0082563 0.9839318 0.1734417 0.0415680
1525511208.507058 -5.0813508 -0.1922905 1.4446658 0.0101250 0.9710288 0.1686236 0.1690167
1525511209.641110 -4.9968939 -0.1729240 1.3991292 0.0120669 0.9411029 0.1587589 0.2982873
1525511211.652376 -4.9042864 -0.1692657 1.4210163 0.0113802 0.8723850 0.1435809 0.4671183
1525511213.474429 -4.7875309 -0.1603578 1.3870754 0.0099795 0.8478685 0.1378488 0.5118760
1525511214.358541 -4.7217546 -0.1610424 1.3714103 0.0103937 0.8285874 0.1365094 0.5428628
1525511215.538995 -4.6309199 -0.1568327 1.3693894 0.0104781 0.7928388 0.1281585 0.5957116
1525511216.685872 -4.4456363 -0.1500200 1.3289466 0.0112376 0.7833818 0.1242971 0.6088817
1525511217.677644 -4.2966275 -0.1436295 1.2941568 0.0112809 0.7812911 0.1234801 0.6117268
1525511219.498040 -4.1142797 -0.1400960 1.2579590 0.0101766 0.7778584 0.1240861 0.6159832
1525511220.946922 -3.8630407 -0.1338412 1.2181011 0.0092171 0.7566230 0.1224903 0.6422092
1525511222.429683 -3.6530237 -0.1301830 1.2176182 0.0101059 0.7278712 0.1149991 0.6759264
1525511223.201783 -3.4965744 -0.1272515 1.2114863 0.0097441 0.7254519 0.1132454 0.6788225
1525511224.227337 -3.3369384 -0.1280534 1.1991115 0.0087047 0.7326288 0.1139051 0.6709731
1525511225.242791 -3.1335578 -0.1275430 1.1776373 0.0083229 0.7358929 0.1164152 0.6669632
1525511225.898615 -3.0115426 -0.1255836 1.1653593 0.0088568 0.7365736 0.1160989 0.6662597
1525511226.595901 -2.8734176 -0.1261421 1.1531371 0.0104803 0.7373263 0.1148391 0.6656215
1525511227.306971 -2.7296991 -0.1235262 1.1397846 0.0105814 0.7374732 0.1147192 0.6654778
1525511228.013843 -2.5795009 -0.1245767 1.1289990 0.0097167 0.7375666 0.1142363 0.6654707
1525511228.874382 -2.4237163 -0.1257310 1.1194602 0.0095434 0.7284564 0.1137393 0.6755173
1525511229.695206 -2.2927659 -0.1258721 1.1294726 0.0088264 0.7039201 0.1104754 0.7015795
1525511230.898278 -2.0832036 -0.1294210 1.1385316 0.0093253 0.6943211 0.1086767 0.7113513
1525511232.300360 -1.8207834 -0.1336676 1.1581292 0.0097542 0.6829912 0.1059060 0.7226422
1525511234.051574 -1.5293719 -0.1375795 1.1857431 0.0095518 0.6757183 0.1040940 0.7297109
1525511235.275527 -1.2831115 -0.1507797 1.2066694 0.0091919 0.6739289 0.1055156 0.7311648
1525511236.497678 -1.0617605 -0.1619069 1.2288249 0.0092935 0.6732910 0.1063218 0.7316341
1525511237.457723 -0.9065552 -0.1702339 1.2480174 0.0093546 0.6733265 0.1050751 0.7317808
1525511238.245071 -0.6867197 -0.2098215 1.2871982 0.0006403 0.6083822 0.1074878 0.7863314
1525511238.914457 -0.6256917 -0.2147804 1.3297499 0.0013150 0.5552008 0.0992043 0.8257778
1525511240.587590 -0.6079082 -0.2152058 1.4124835 0.0061270 0.4077289 0.0740966 0.9100711
1525511241.638157 -0.6268284 -0.2216619 1.4491462 0.0063618 0.3358472 0.0622891 0.9398331
1525511242.175231 -0.6398806 -0.2210503 1.4672377 0.0065548 0.2954861 0.0546375 0.9537609
1525511243.231442 -0.6717997 -0.2219018 1.4979017 0.0078036 0.2125614 0.0385721 0.9763550
1525511245.985425 -0.6314945 -0.2466139 1.6463670 0.0083187 0.1987139 0.0328004 0.9794732
1525511246.893785 -0.5965628 -0.2573154 1.7192076 0.0082297 0.2009708 0.0324072 0.9790264
1525511257.064952 -0.3903193 -0.4692368 2.8863487 0.0035090 0.0706115 0.0132588 0.9974096
1525511259.376678 -0.3649666 -0.5431776 3.2331209 0.0013211 0.0195637 0.0061912 0.9997885
1525511261.225337 -0.4560555 -0.5345078 3.2717788 0.0027570 -0.1550400 -0.0238958 0.9876153
1525511262.535620 -0.5179900 -0.5318466 3.2685027 0.0029978 -0.2809092 -0.0447673 0.9586850
1525511263.912803 -0.5879072 -0.5247459 3.2436371 0.0040592 -0.4249004 -0.0695939 0.9025519
1525511266.528887 -0.4571230 -0.5066117 3.1379669 0.0037076 -0.4828856 -0.0806384 0.8719548
1525511270.461939 -0.4584212 -0.4949619 3.0723877 0.0025309 -0.5780147 -0.0960454 0.8103505
1525511271.853627 -0.5078558 -0.4782850 3.0182858 0.0009900 -0.6835240 -0.1139153 0.7209836
1525511272.699490 -0.5254757 -0.4674746 2.9764049 0.0005046 -0.7463809 -0.1240606 0.6538534
1525511274.009634 -0.5342425 -0.4548630 2.9122627 0.0002952 -0.8303577 -0.1387930 0.5396688
1525511274.892163 -0.5284642 -0.4467995 2.8673930 -0.0009623 0.8802066 0.1472996 -0.4511521
1525511275.981444 -0.5059799 -0.4361127 2.8126469 -0.0009562 0.9291015 0.1560469 -0.3352892
1525511276.929122 -0.4842514 -0.4302719 2.7739158 0.0010199 0.9597108 0.1609146 -0.2303486
1525511277.699430 -0.4746857 -0.4212475 2.7490220 0.0012244 0.9703485 0.1625609 -0.1788751
1525511279.012575 -0.5014700 -0.3978422 2.6360521 0.0001595 0.9742933 0.1618453 -0.1567122
1525511279.940935 -0.5374559 -0.3765158 2.5084274 0.0017236 0.9753449 0.1623117 -0.1495134
1525511280.810234 -0.5857168 -0.3456739 2.3428779 0.0021069 0.9758849 0.1630786 -0.1450852
1525511281.869878 -0.6433477 -0.3079231 2.1104610 0.0006257 0.9759474 0.1643462 -0.1432357
1525511284.060806 -0.7478627 -0.2435627 1.7329276 0.0017800 0.9763463 0.1632069 -0.1418035
1525511285.983070 -0.8337917 -0.2422116 1.6565049 0.0005662 0.9475808 0.1631276 -0.2747356
1525511287.388891 -0.8608398 -0.2395096 1.7141825 -0.0001293 0.8944029 0.1494268 -0.4215626
1525511288.276902 -0.8872339 -0.2391752 1.7357478 -0.0005145 0.8599823 0.1426880 -0.4899698
1525511289.182308 -1.0090256 -0.2222281 1.6751851 0.0018316 -0.8476756 -0.1382948 0.5121692
1525511290.217380 -1.1104872 -0.2176773 1.6484438 0.0015009 -0.8162116 -0.1345027 0.5618767
1525511291.317006 -1.2284091 -0.2149625 1.6315382 0.0006334 -0.7867763 -0.1285071 0.6037123
1525511292.629317 -1.3486519 -0.2132309 1.6278883 0.0016657 -0.7506438 -0.1224408 0.6492606
1525511294.114919 -1.6366847 -0.2064367 1.5833224 0.0024220 -0.7432730 -0.1220543 0.6577554
1525511295.891791 -2.0105119 -0.1948938 1.5296890 0.0006386 -0.7425420 -0.1211111 0.6587587
1525511297.256250 -2.2874181 -0.1873068 1.4802536 0.0018746 -0.7416911 -0.1218264 0.6595826
1525511298.476921 -2.5229657 -0.1783849 1.4425135 0.0021607 -0.7414840 -0.1215314 0.6598688
1525511299.713935 -2.7767539 -0.1712688 1.4045619 0.0005025 -0.7412699 -0.1214968 0.6601191
1525511301.044725 -3.0444427 -0.1631374 1.3644704 0.0016151 -0.7411669 -0.1209908 0.6603259
1525511302.215688 -3.2760582 -0.1566247 1.3270376 0.0016539 -0.7407630 -0.1215682 0.6606728
1525511303.644666 -3.4153764 -0.1575340 1.3138430 0.0016901 -0.7270052 -0.1202761 0.6760134
1525511305.052918 -3.6868823 -0.1532845 1.2919705 0.0008541 -0.7214242 -0.1179071 0.6823814
1525511306.334516 -3.9722161 -0.1494083 1.2623209 0.0024243 -0.7195161 -0.1197527 0.6840687
1525511307.777931 -4.2332654 -0.1458461 1.2378545 0.0003292 -0.7186534 -0.1221080 0.6845633
1525511309.221051 -4.2727776 -0.1592194 1.2786589 -0.0006787 -0.6393209 -0.1111381 0.7608658
1525511310.553320 -4.3652353 -0.1645613 1.3186278 0.0005499 -0.5947099 -0.1033268 0.7972725
1525511311.866132 -4.4298863 -0.1734760 1.3646401 0.0011882 -0.5440199 -0.0956632 0.8336003
1525511312.706473 -4.4762998 -0.1752226 1.4007899 0.0034241 -0.5191647 -0.0900055 0.8499148
1525511313.653155 -4.5014715 -0.1825148 1.4371482 0.0048963 -0.4707019 -0.0821539 0.8784455
1525511314.994725 -4.5734358 -0.1836263 1.4953804 0.0050580 -0.4501228 -0.0778264 0.8895543
1525511316.353509 -4.7381711 -0.2027724 1.6163212 0.0028805 -0.4419312 -0.0763179 0.8937920
1525511317.853449 -4.7679892 -0.2187712 1.7005483 0.0048924 -0.3384654 -0.0587667 0.9391292
1525511319.335171 -4.8327827 -0.2412108 1.8110101 0.0047893 -0.2900459 -0.0525133 0.9555589
1525511320.592673 -4.8512149 -0.2517821 1.8988323 0.0074341 -0.2285884 -0.0411504 0.9726247
1525511321.916807 -4.8782387 -0.2665695 2.0217538 0.0063275 -0.1793721 -0.0317759 0.9832476
1525511323.252899 -4.8758020 -0.2796796 2.1354303 0.0076670 -0.1084066 -0.0176028 0.9939212
1525511324.512946 -4.8910227 -0.3048449 2.2628365 0.0081750 -0.0777432 -0.0129351 0.9968560
1525511325.860844 -4.8790779 -0.3129316 2.3332050 0.0096011 -0.0267527 -0.0035420 0.9995897
1525511328.102692 -4.9032111 -0.3517841 2.5496585 0.0110747 -0.0343582 -0.0051737 0.9993348
1525511329.660022 -4.9245100 -0.3876944 2.7457466 0.0095412 -0.0371215 -0.0066296 0.9992432
1525511330.969154 -4.9507174 -0.4272038 2.9754117 0.0086209 -0.0390562 -0.0067372 0.9991771
1525511332.267430 -4.9768105 -0.4621676 3.1703808 0.0104227 -0.0400628 -0.0073516 0.9991158
1525511333.532498 -5.0076976 -0.5061013 3.4177792 0.0097411 -0.0398423 -0.0076423 0.9991293
1525511335.547819 -4.9983597 -0.5406545 3.5877237 0.0064096 0.0192656 0.0025161 0.9997907
1525511337.450192 -4.9781170 -0.5749446 3.7825022 0.0063051 0.0449273 0.0065567 0.9989488
1525511338.571299 -4.9623585 -0.6138679 3.9847836 0.0057980 0.0523414 0.0074911 0.9985843
1525511340.181157 -4.9478226 -0.6426530 4.1632257 0.0044596 0.0568742 0.0080730 0.9983388
1525511341.665098 -4.9394059 -0.6766410 4.3453650 0.0032129 0.0400113 0.0060565 0.9991757
1525511343.231285 -4.9048648 -0.6927080 4.3774471 0.0000590 0.1136566 0.0163646 0.9933853
1525511344.277122 -4.8756599 -0.6779085 4.3560567 0.0051499 0.1964808 0.0313383 0.9799932
1525511345.727414 -4.8136015 -0.6848578 4.4581676 0.0082810 0.2388565 0.0374661 0.9702965
1525511347.082088 -4.7433100 -0.7022667 4.5966678 0.0103987 0.2477297 0.0373799 0.9680519
1525511348.701571 -4.6837926 -0.7128693 4.6072688 0.0077684 0.3429996 0.0531171 0.9378003
1525511349.844425 -4.6578760 -0.6986845 4.5453472 0.0093357 0.4881844 0.0795122 0.8690608
1525511350.773554 -4.5910649 -0.6945968 4.5535698 0.0114292 0.5336215 0.0882256 0.8410313
1525511351.977134 -4.4812021 -0.7024236 4.5890150 0.0117281 0.5634084 0.0926640 0.8208817
1525511352.884985 -4.4122901 -0.7034338 4.5929389 0.0124723 0.5987125 0.0979026 0.7948603
1525511353.928327 -4.3156748 -0.7074161 4.6070929 0.0117885 0.6219186 0.1017414 0.7763549
1525511354.733817 -4.2663298 -0.7066705 4.6000347 0.0121276 0.6485702 0.1060059 0.7536394
1525511355.614629 -4.1881709 -0.7054164 4.5958972 0.0116296 0.6694893 0.1109990 0.7343896
1525511356.353520 -4.0803342 -0.7073531 4.6002674 0.0110510 0.6783887 0.1134795 0.7258024
1525511357.097403 -3.9340603 -0.7102174 4.6064677 0.0108248 0.6828320 0.1149598 0.7213928
1525511357.841373 -3.7974219 -0.7114774 4.6142802 0.0115662 0.6847713 0.1152659 0.7194916
1525511358.529269 -3.6560278 -0.7144865 4.6244736 0.0106738 0.6861672 0.1143200 0.7183256
1525511359.227092 -3.5106146 -0.7158319 4.6353045 0.0103403 0.6867763 0.1140693 0.7177880
1525511359.835018 -3.3874991 -0.7167171 4.6385541 0.0107387 0.6863407 0.1150942 0.7180350
1525511360.554951 -3.2367938 -0.7183604 4.6446214 0.0116337 0.6862677 0.1155134 0.7180237
1525511361.357687 -3.0765877 -0.7191736 4.6536789 0.0129761 0.6865053 0.1155445 0.7177685
1525511362.158024 -2.9095898 -0.7224749 4.6606259 0.0139847 0.6869890 0.1146350 0.7174324
1525511363.033358 -2.7360260 -0.7271043 4.6727009 0.0139346 0.6876267 0.1134478 0.7170112
1525511363.966673 -2.5405850 -0.7287123 4.6803031 0.0132569 0.6871487 0.1157675 0.7171114
1525511364.856851 -2.3640752 -0.7310403 4.6864023 0.0132006 0.6869438 0.1160313 0.7172661
1525511366.136965 -2.0992339 -0.7388824 4.7012849 0.0151397 0.6879829 0.1146979 0.7164459
1525511367.471812 -1.8128126 -0.7431960 4.7176957 0.0137616 0.6882296 0.1140872 0.7163343
1525511368.841710 -1.5211073 -0.7472605 4.7225661 0.0129314 0.6861637 0.1170211 0.7178567
1525511370.142759 -1.2786051 -0.7479863 4.7330160 0.0133332 0.6860300 0.1180138 0.7178146
1525511371.210965 -1.2131858 -0.7488391 4.7180638 0.0121023 0.7197196 0.1218219 0.6833861
1525511371.886484 -1.2114753 -0.7575668 4.6984262 0.0073625 0.7729973 0.1316247 0.6205609
1525511372.449721 -1.2093723 -0.7843031 4.6745329 -0.0010063 0.8101404 0.1425628 0.5686365
1525511373.135153 -1.2194681 -0.7889471 4.6550608 -0.0047561 0.8450140 0.1492085 0.5134837
1525511373.909588 -1.2464302 -0.7891829 4.6373267 -0.0047934 0.8751279 0.1543889 0.4585763
1525511375.339761 -1.2359269 -0.7532504 4.5864830 -0.0003482 0.9061731 0.1560009 0.3930827
1525511377.447216 -1.0840188 -0.7195034 4.4417906 -0.0000933 0.9126887 0.1555121 0.3779091
1525511379.426331 -0.8923775 -0.6827402 4.2595539 -0.0008289 0.9158977 0.1534901 0.3709063
1525511380.536808 -0.7440267 -0.6498575 4.1095705 0.0002653 0.9161922 0.1539727 0.3699788
1525511381.441568 -0.6694282 -0.6499200 4.0132160 -0.0028479 0.9255555 0.1581271 0.3439982
1525511382.290457 -0.7142889 -0.6401910 3.9818079 -0.0027551 0.9619018 0.1631223 0.2193822
1525511383.061014 -0.7504038 -0.6288463 3.9848208 0.0000145 0.9775435 0.1619041 0.1348917
1525511384.386964 -0.7390477 -0.6052836 3.8609691 0.0002534 0.9827164 0.1618963 0.0897668
1525511385.982882 -0.7325668 -0.5769665 3.7115073 -0.0007193 0.9859036 0.1638617 0.0338072
1525511387.214083 -0.7449992 -0.5614534 3.6146071 0.0007442 0.9860309 0.1665440 0.0023725
1525511388.650838 -0.7280211 -0.5254185 3.4133818 0.0002724 0.9859341 0.1662083 0.0175680
1525511390.992605 -0.6868981 -0.4725572 3.1146092 0.0002020 0.9850675 0.1644821 0.0508695
1525511398.202354 -0.6483973 -0.3935357 2.6575768 -0.0000668 0.9852614 0.1656456 0.0426803
1525511401.323877 -0.7617872 -0.4218661 2.7624252 -0.0000613 0.9486544 0.1592154 -0.2733228
1525511404.069066 -0.6222305 -0.4726627 3.0131907 -0.0019286 0.8672915 0.1462708 -0.4758221
1525511405.185668 -0.6015316 -0.4839776 3.0331736 0.0019166 -0.7951857 -0.1336744 0.5914450
1525511407.038107 -0.5452470 -0.4974349 3.0665810 0.0017638 -0.7506754 -0.1266010 0.6484254
