1341847980.722988 -0.0000006 0.0000012 0.0000010 0.0000054 -0.0000034 0.0000007 1.0000000
1341847982.430770 -0.1760453 0.0063804 -0.0393131 0.0087608 0.0165504 0.0088132 0.9997858
1341847982.462624 -0.1761479 0.0062281 -0.0406593 0.0094726 0.0193013 0.0091433 0.9997270
1341847982.630723 -0.2007294 0.0052724 -0.0361522 0.0027028 0.0323089 0.0131491 0.9993878
1341847983.102757 -0.3492865 0.0110962 -0.0152755 0.0001567 0.0553162 0.0235355 0.9981915
1341847983.806672 -0.5807132 -0.0080640 -0.0294222 0.0049109 0.0766342 0.0293100 0.9966162
1341847984.106759 -0.7080185 0.0149147 -0.0337993 0.0022423 0.0867274 0.0321935 0.9957092
1341847984.506747 -0.8522952 0.0271650 0.0339815 -0.0168453 0.0880285 0.0333365 0.9954174
1341847985.010633 -0.9676782 -0.0360653 0.2033368 -0.0101752 0.0907043 0.0516493 0.9944856
1341847985.446854 -1.0224981 -0.1039428 0.3486671 -0.0119590 0.1275667 0.0571977 0.9901071
1341847986.018756 -1.1142921 -0.2052567 0.5385965 0.0126405 0.1715054 0.0873989 0.9812174
1341847986.326156 -1.1428502 -0.2678188 0.6366900 0.0121376 0.1987867 0.0974130 0.9751140
1341847986.661920 -1.1588163 -0.3216702 0.7582300 0.0141510 0.2276398 0.1104823 0.9673539
1341847987.091223 -1.1784028 -0.3882568 0.9088667 -0.0045880 0.2458757 0.1454519 0.9583151
1341847987.897796 -1.2683818 -0.4201730 1.1647604 0.0174310 0.3269406 0.1718084 0.9291329
1341847988.165801 -1.3070922 -0.4345481 1.2370862 0.0330120 0.3354149 0.1534405 0.9289042
1341847988.537778 -1.3377210 -0.4335233 1.3145020 0.0316463 0.3427730 0.1766379 0.9221194
1341847988.837897 -1.3800380 -0.4487265 1.3468305 0.0182059 0.3519101 0.1846091 0.9174679
1341847989.134676 -1.4534880 -0.4775683 1.3743378 0.0133620 0.3639867 0.1949768 0.9106697
1341847989.434824 -1.5442328 -0.5245655 1.3919615 0.0117692 0.3579136 0.1718605 0.9177272
1341847989.838780 -1.6467935 -0.5623184 1.4014990 0.0020520 0.3750351 0.1673008 0.9117866
1341847990.139194 -1.7565731 -0.5855489 1.4083270 0.0085445 0.3835591 0.1703074 0.9076369
1341847990.442575 -1.8629910 -0.6043506 1.4189579 0.0111302 0.3780825 0.1759718 0.9088254
1341847990.942685 -1.9808342 -0.6315681 1.4572073 0.0071882 0.3941889 0.1995751 0.8970693
1341847991.346722 -2.0630229 -0.6637736 1.5180082 0.0198190 0.4150934 0.2134257 0.8841686
1341847991.746823 -2.1201379 -0.7102948 1.5739667 0.0161009 0.4430367 0.2496417 0.8608939
1341847992.114842 -2.1632845 -0.7635059 1.6266171 0.0094104 0.4749847 0.2510422 0.8433735
1341847992.486713 -2.2436852 -0.8101647 1.7002814 0.0154685 0.5029541 0.2668656 0.8219371
1341847992.818723 -2.3269935 -0.8529088 1.7703905 0.0141934 0.5163419 0.2746575 0.8110197
1341847993.190779 -2.3719008 -0.8935835 1.8518651 0.0024606 0.5331584 0.2796006 0.7984734
1341847993.558719 -2.4071746 -0.9426579 1.9510236 0.0158495 0.5533223 0.2971226 0.7780111
1341847993.933661 -2.4220431 -1.0005230 2.0579877 -0.0051580 0.5647659 0.3062590 0.7663018
1341847994.333755 -2.4481437 -1.0757167 2.1399360 0.0064076 0.5917089 0.3077063 0.7450882
1341847994.669750 -2.4999051 -1.1371777 2.2417502 0.0193763 0.6067129 0.3204890 0.7271938
1341847995.030768 -2.5339861 -1.1849517 2.3484805 0.0032062 0.6260545 0.3385601 0.7024404
1341847995.434743 -2.5440781 -1.2378317 2.4380217 0.0090639 0.6528667 0.3459454 0.6737987
1341847995.770704 -2.5304797 -1.2723105 2.5182543 0.0125702 0.6538850 0.3686344 0.6605945
1341847996.270754 -2.5257671 -1.3119233 2.5782225 0.0120779 0.6808379 0.3695848 0.6322349
1341847996.742663 -2.5502148 -1.3418201 2.6568673 0.0076590 0.7012643 0.3820533 0.6018348
1341847997.078725 -2.5630951 -1.3882189 2.7543817 0.0156137 0.7109211 0.3906477 0.5845869
1341847997.446693 -2.5639791 -1.4449720 2.8500824 0.0098074 0.7201338 0.3846955 0.5773392
1341847997.846906 -2.5191820 -1.5185490 2.9597373 0.0160340 0.7451522 0.3734703 0.5522780
1341847998.253760 -2.4606564 -1.5876048 3.0727351 0.0222721 0.7432190 0.3875031 0.5449503
1341847998.618771 -2.4167373 -1.6458124 3.1893685 0.0035971 0.7362083 0.3817466 0.5587969
1341847998.986722 -2.3920875 -1.6957570 3.3247337 -0.0025712 0.7366709 0.3929056 0.5503950
1341847999.490878 -2.3481569 -1.7536523 3.4516082 0.0115196 0.7629663 0.3994800 0.5080999
1341847999.858757 -2.2602489 -1.7744919 3.5083060 0.0288417 0.7887069 0.4145599 0.4530449
1341848000.462696 -2.1083114 -1.7538495 3.5398920 0.0173359 0.7977736 0.4683448 0.3793545
1341848000.963197 -1.9641787 -1.7634381 3.5520887 0.0332487 0.8196074 0.4675454 0.3294535
1341848001.366701 -1.8382976 -1.7574322 3.5732145 0.0235587 0.8351607 0.4655188 0.2919654
1341848001.734859 -1.7387989 -1.7255307 3.5518746 0.0101246 0.8561028 0.4655191 0.2242265
1341848002.070767 -1.6480300 -1.7112556 3.5164669 0.0206035 0.8634339 0.4727132 0.1749277
1341848002.406793 -1.5611959 -1.6832571 3.4924057 0.0153269 0.8653161 0.4822101 0.1358920
1341848002.842833 -1.4606282 -1.6245604 3.4777906 0.0043028 0.8597160 0.4985019 0.1112014
1341848003.110641 -1.3886260 -1.6113726 3.4756746 0.0022995 0.8620323 0.4900222 0.1295118
1341848003.410779 -1.3082687 -1.5929632 3.4761200 -0.0227132 0.8656300 0.4796766 0.1417007
1341848003.649972 -1.2459335 -1.5715280 3.4737799 -0.0226963 0.8608732 0.4739125 0.1838186
1341848003.953824 -1.1750674 -1.5388381 3.4500375 -0.0332405 0.8545192 0.4667257 0.2255197
1341848004.289843 -1.0965762 -1.4946185 3.4008865 -0.0320158 0.8427005 0.4696814 0.2612092
1341848004.589761 -1.0311058 -1.4459468 3.3922880 -0.0480349 0.8237079 0.4706709 0.3125170
1341848005.461850 -0.9316515 -1.4035897 3.4088078 -0.0639360 0.7807196 0.4762079 0.3995185
1341848006.469715 -0.8378231 -1.4244740 3.4646654 -0.0363225 0.7510589 0.4308976 0.4989173
1341848007.434791 -0.7463890 -1.5426329 3.5940619 -0.0088666 0.7728611 0.4426860 0.4545726
1341848008.202734 -0.6422895 -1.6395172 3.7156248 0.0053786 0.8022216 0.4756390 0.3608034
1341848008.906680 -0.5170811 -1.7133930 3.7965405 0.0151309 0.8174259 0.5030196 0.2802806
1341848009.479022 -0.4168681 -1.7283826 3.8587141 0.0077555 0.8308984 0.5222790 0.1917612
1341848010.046835 -0.2800730 -1.6985506 3.8580139 0.0009538 0.8339955 0.5187396 0.1880419
1341848010.550631 -0.1902473 -1.6422939 3.7421341 0.0054391 0.8276007 0.5400211 0.1530516
1341848011.086749 -0.1629322 -1.6133786 3.6655622 0.0097281 0.8341403 0.5412804 0.1055027
1341848012.022737 -0.1317404 -1.5452904 3.5825748 0.0097093 0.8304111 0.5569702 0.0103606
1341848012.494697 -0.1329980 -1.4634974 3.4869733 -0.0155823 0.8180463 0.5741069 0.0309647
1341848012.794727 -0.1096344 -1.4221773 3.4378750 -0.0381742 0.8129749 0.5772721 0.0661161
1341848013.262723 -0.0810795 -1.3821146 3.4233367 -0.0610464 0.8089640 0.5634884 0.1559853
1341848013.666669 -0.0393891 -1.3715885 3.4387093 -0.0786202 0.7861626 0.5605413 0.2481141
1341848014.034942 0.0032798 -1.3646232 3.4606628 -0.0860437 0.7785448 0.5336285 0.3189125
1341848014.234751 0.0449689 -1.3575628 3.4681158 -0.1036142 0.7630221 0.5258418 0.3613196
1341848014.470783 0.1014030 -1.3503118 3.4933226 -0.1103302 0.7451149 0.5050824 0.4213344
1341848014.706765 0.1530403 -1.3568587 3.5174267 -0.1090725 0.7294381 0.4758274 0.4791780
1341848014.906647 0.1855836 -1.3581972 3.5356040 -0.0880959 0.7172939 0.4594136 0.5163987
1341848015.142691 0.2171857 -1.3424525 3.5485234 -0.1073360 0.6880502 0.4594850 0.5513071
1341848015.374733 0.2464505 -1.3252842 3.5525451 -0.1075259 0.6543459 0.4527152 0.5960860
1341848015.685811 0.2739303 -1.3197654 3.5560796 -0.1087376 0.5977414 0.4257173 0.6705565
1341848016.053936 0.2824921 -1.3312900 3.5591962 -0.0917465 0.5571312 0.3701225 0.7376969
1341848016.818817 0.2468597 -1.3768111 3.6009831 -0.0624652 0.5671708 0.3789129 0.7285879
1341848017.186855 0.1996571 -1.4207914 3.6510706 -0.0647109 0.5838431 0.3879963 0.7102103
1341848017.318695 0.1831359 -1.4371324 3.6677988 -0.0529310 0.6028662 0.3896866 0.6941866
1341848017.454792 0.1441374 -1.4571708 3.6710734 -0.0369979 0.6179091 0.3914726 0.6808589
1341848017.587838 0.1249174 -1.4711069 3.6796336 -0.0336191 0.6310799 0.3925879 0.6681936
1341848017.790699 0.1034636 -1.4917215 3.6877732 -0.0167142 0.6481738 0.3921800 0.6525230
1341848017.990683 0.0757882 -1.5073903 3.7017949 -0.0117631 0.6587917 0.3900334 0.6432178
1341848018.159145 0.0698435 -1.5167218 3.7153182 -0.0136256 0.6672982 0.3990890 0.6286935
1341848018.367205 0.0674673 -1.5357584 3.7412736 -0.0158248 0.6819677 0.4062276 0.6079874
1341848018.565849 0.0596479 -1.5587695 3.7863038 -0.0049653 0.6945276 0.4222452 0.5825082
1341848018.802234 0.0573901 -1.5977690 3.8483872 -0.0093521 0.7093762 0.4297478 0.5585829
1341848019.130792 0.0502979 -1.6605475 3.9149213 -0.0060226 0.7247653 0.4292388 0.5389184
1341848019.330680 0.0438256 -1.6927466 3.9612279 -0.0111460 0.7387929 0.4370798 0.5128568
1341848019.567087 0.0306337 -1.7388368 4.0398302 -0.0094058 0.7584441 0.4386370 0.4819458
1341848019.798719 0.0324678 -1.7793921 4.1144495 -0.0099047 0.7688501 0.4435886 0.4604352
1341848020.170835 0.0469917 -1.8216621 4.1839924 -0.0041459 0.7920170 0.4550699 0.4069437
1341848020.538748 0.0943472 -1.8655552 4.2508554 0.0036647 0.8222880 0.4535758 0.3436539
1341848020.938790 0.1655967 -1.9081571 4.3182654 0.0126360 0.8311322 0.4725930 0.2927720
1341848021.307283 0.2435890 -1.9415097 4.3665657 0.0110021 0.8459917 0.4728050 0.2462363
1341848021.742811 0.3615704 -1.9922417 4.4369926 0.0139720 0.8702377 0.4599177 0.1759740
1341848022.146749 0.4900994 -2.0036418 4.4463148 0.0020961 0.8811284 0.4560031 0.1251783
1341848022.554231 0.6135174 -2.0205555 4.4036245 0.0182053 0.8949078 0.4421119 0.0578422
1341848022.918835 0.7017735 -2.0321932 4.3776269 0.0072484 0.8891691 0.4573919 -0.0108814
1341848023.418717 0.8616142 -1.9635524 4.3073931 -0.0119133 0.8670599 0.4804916 -0.1311222
1341848023.990739 0.9607278 -1.9052906 4.1912336 -0.0109873 0.8543969 0.4722489 -0.2164861
1341848024.558627 1.0164896 -1.8325057 4.0580974 0.0024823 0.8278967 0.4802513 -0.2897233
1341848025.131056 1.1424583 -1.7500947 3.9749656 0.0120353 0.8037434 0.4755811 -0.3573155
1341848025.566751 1.2297263 -1.7098697 3.9182701 0.0153726 0.7897711 0.4713401 -0.3922547
1341848025.998679 1.2868490 -1.6654246 3.8621080 0.0225897 0.7751483 0.4653867 -0.4266734
1341848026.371024 1.3389353 -1.6198213 3.8087263 0.0449233 0.7574992 0.4588717 -0.4621836
1341848026.738795 1.3927215 -1.5833415 3.7556491 0.0426233 0.7511176 0.4465345 -0.4843682
1341848027.106663 1.4912010 -1.5442876 3.7049959 0.0414220 0.7449792 0.4523544 -0.4885343
1341848027.442959 1.5979354 -1.5265516 3.6689160 0.0408421 0.7481996 0.4343219 -0.4998938
1341848027.842836 1.6965135 -1.5004908 3.6180727 0.0319114 0.7630539 0.4291293 -0.4822639
1341848028.150637 1.7352414 -1.4746538 3.5599527 0.0252529 0.7700318 0.4319102 -0.4688997
1341848028.582747 1.7818897 -1.4308829 3.4525976 0.0298386 0.7693381 0.4180677 -0.4821285
1341848028.950881 1.8360307 -1.3860668 3.3625491 0.0369853 0.7686756 0.4187124 -0.4821306
1341848029.386923 1.8901050 -1.3429902 3.2810283 0.0275424 0.7582695 0.4265323 -0.4922793
1341848029.822778 1.9896705 -1.3040140 3.2136049 -0.0303068 -0.7422712 -0.4105249 0.5287573
1341848030.190683 2.0657654 -1.2658393 3.1668553 -0.0341808 -0.7233244 -0.4050088 0.5582126
1341848030.526716 2.1041868 -1.2256103 3.1195614 -0.0327654 -0.6998752 -0.4054600 0.5871145
1341848030.859838 2.1412663 -1.1832374 3.0550931 -0.0387284 -0.6845486 -0.3824522 0.6193736
1341848031.126776 2.1801562 -1.1594250 2.9862471 -0.0551581 -0.6767735 -0.3568382 0.6415619
1341848031.562876 2.2296362 -1.1258765 2.8996994 -0.0569460 -0.6650251 -0.3486595 0.6579783
1341848031.930844 2.2810564 -1.1073761 2.8480389 -0.0502788 -0.6435226 -0.3286954 0.6894273
1341848032.334617 2.3511889 -1.0702583 2.7829704 -0.0459821 -0.6286815 -0.3196600 0.7074339
1341848032.702791 2.4020042 -1.0450089 2.7180479 -0.0360397 -0.6245123 -0.3058694 0.7177252
1341848033.070841 2.4279523 -1.0042456 2.6393645 -0.0341344 -0.6200370 -0.3002193 0.7240562
1341848033.506807 2.4343171 -0.9599236 2.5519810 -0.0400332 -0.5985274 -0.2865987 0.7470097
1341848033.911229 2.4434586 -0.9331892 2.4844773 -0.0458605 -0.5850639 -0.2713159 0.7628793
1341848034.246723 2.4675322 -0.9236730 2.4439409 -0.0318051 -0.5519983 -0.2399996 0.7979264
1341848034.715163 2.5295043 -0.8713493 2.3485162 -0.0349714 -0.5342157 -0.2266968 0.8136333
1341848035.319914 2.5531316 -0.7933671 2.2538667 -0.0426455 -0.5157259 -0.2272894 0.8249531
1341848035.786729 2.5392172 -0.7462161 2.1556966 -0.0542730 -0.4992869 -0.1948082 0.8425063
1341848036.390843 2.5006812 -0.6967096 2.0327549 -0.0633738 -0.4739319 -0.1786878 0.8599087
1341848036.790720 2.4775581 -0.6526549 1.9264132 -0.0498267 -0.4573877 -0.1567023 0.8739326
1341848037.094661 2.4666789 -0.6155794 1.8257141 -0.0366916 -0.4419466 -0.1398164 0.8853182
1341848037.395057 2.4497271 -0.5794569 1.7270284 -0.0064283 -0.4546729 -0.1299736 0.8811005
1341848037.769764 2.4067092 -0.5349361 1.6361113 0.0019548 -0.4406127 -0.1365133 0.8872547
1341848038.066849 2.3509388 -0.4953966 1.5744976 -0.0165343 -0.4119902 -0.1279502 0.9020086
1341848038.473889 2.2822576 -0.4538478 1.5006311 -0.0205872 -0.3846499 -0.1241994 0.9144371
1341848038.802800 2.2379098 -0.4208184 1.4087850 -0.0079454 -0.3756877 -0.1218763 0.9186631
1341848039.138656 2.2169862 -0.3710966 1.3234098 -0.0105032 -0.3548725 -0.1039905 0.9290539
1341848039.606721 2.1835632 -0.3140972 1.2213352 -0.0100145 -0.3330580 -0.0996638 0.9375709
1341848040.078716 2.0970514 -0.2607114 1.1399939 -0.0067226 -0.3082695 -0.0885804 0.9471422
1341848040.410884 2.0205522 -0.2402663 1.0880536 -0.0232600 -0.2798941 -0.0702347 0.9571757
1341848040.778774 1.9612784 -0.2302304 1.0310287 -0.0058167 -0.2469034 -0.0548760 0.9674675
1341848041.094347 1.9067575 -0.2078627 0.9972009 -0.0061585 -0.2039138 -0.0278417 0.9785735
1341848041.450845 1.8308049 -0.1743402 0.9668419 -0.0264196 -0.1655425 -0.0004132 0.9858486
1341848041.786711 1.7319206 -0.1670342 0.9723852 -0.0298101 -0.1321188 0.0120081 0.9907128
1341848042.154788 1.6159620 -0.1865905 0.9755160 -0.0289785 -0.1135876 0.0438701 0.9921358
1341848042.522713 1.5075982 -0.1913989 0.9933017 -0.0415712 -0.0722507 0.0596333 0.9947339
1341848042.861726 1.4223553 -0.1760273 0.9921282 -0.0417994 -0.0247853 0.0951364 0.9942774
1341848043.201879 1.3342209 -0.1726544 0.9973364 -0.0466027 0.0127968 0.1138287 0.9923243
1341848043.569664 1.2303479 -0.1907028 1.0255741 -0.0402061 0.0399021 0.1316551 0.9896758
1341848043.905731 1.1379969 -0.2225582 1.0847257 -0.0493273 0.0566590 0.1463754 0.9863725
1341848044.237767 1.0643742 -0.2502956 1.1342562 -0.0520054 0.0677066 0.1498399 0.9850174
1341848044.641741 0.9982975 -0.2703052 1.1900995 -0.0583856 0.1095729 0.1827298 0.9752921
1341848045.002641 0.9202212 -0.2890419 1.2309248 -0.0488316 0.1362801 0.2173976 0.9652883
1341848045.370799 0.8532086 -0.3215578 1.2992165 -0.0611461 0.1509440 0.2159633 0.9627237
1341848045.774776 0.7843173 -0.3584166 1.3950396 -0.0666366 0.1399903 0.2065847 0.9660668
1341848046.074722 0.7307475 -0.3694400 1.4670180 -0.0603885 0.1146575 0.1869183 0.9737908
1341848046.417763 0.6622526 -0.3648732 1.5071731 -0.0658275 0.0959679 0.1564755 0.9808019
1341848046.778736 0.5697203 -0.3600149 1.5009818 -0.0659972 0.0790485 0.1400877 0.9847696
1341848047.147565 0.4776320 -0.3278619 1.4658085 -0.0660169 0.0745163 0.1351127 0.9858162
1341848047.482648 0.3805351 -0.3135015 1.4275941 -0.0612707 0.0562443 0.1227009 0.9889525
1341848047.818804 0.2989470 -0.3149741 1.4022901 -0.0600223 0.0421230 0.1136037 0.9908164
1341848048.254953 0.1921063 -0.3274522 1.3922232 -0.0539000 0.0539701 0.1159364 0.9903236
1341848048.822736 0.0622400 -0.3545747 1.3606962 -0.0243409 0.0768586 0.1179490 0.9897416
1341848049.294747 -0.0373183 -0.3648772 1.3167028 0.0107729 0.0684626 0.0953565 0.9930277
1341848049.695064 -0.1483202 -0.3433802 1.2674900 0.0216157 0.0774183 0.1071529 0.9909881
1341848050.030786 -0.2529806 -0.3270555 1.2292953 0.0158649 0.0580892 0.0961695 0.9935418
1341848050.398693 -0.3409705 -0.3068262 1.2092776 0.0137246 0.0295123 0.0673895 0.9971957
1341848050.734789 -0.4198671 -0.3068243 1.2003760 0.0172212 -0.0012654 0.0433028 0.9989128
1341848051.070784 -0.4990554 -0.3130736 1.1912202 0.0203750 -0.0352884 0.0205413 0.9989583
1341848051.506718 -0.5530816 -0.3146723 1.1708622 0.0442126 -0.0733434 -0.0026221 0.9963228
1341848051.638863 -0.5625130 -0.3116244 1.1706257 0.0568378 -0.0931226 -0.0313276 0.9935372
1341848051.838757 -0.5685478 -0.2965383 1.1586996 0.0717469 -0.1210418 -0.0648061 0.9879279
1341848052.379476 -0.4964218 -0.2562454 1.0937992 0.0597688 -0.1084251 -0.1238025 0.9845530
1341848052.778710 -0.4246337 -0.2160693 1.0349336 0.0627090 -0.0899755 -0.1418351 0.9837961
1341848052.978684 -0.3751006 -0.2085231 1.0039495 0.0614106 -0.0711854 -0.1438382 0.9851254
1341848053.421775 -0.2813578 -0.1882621 0.9413455 0.0632941 -0.0162426 -0.1075310 0.9920520
1341848053.721697 -0.2399762 -0.1684454 0.9063475 0.0406648 0.0280847 -0.0609727 0.9969152
1341848054.155032 -0.2373202 -0.1572641 0.8441537 0.0372637 0.0733139 0.0291972 0.9961847
1341848054.958727 -0.2858713 -0.1476944 0.6854619 0.0378228 0.1123968 0.0765558 0.9899877
1341848055.694797 -0.3896046 -0.0615867 0.4711983 0.0560252 0.1508473 0.1027370 0.9816065
1341848056.430750 -0.6351410 -0.0262187 0.4457324 0.0596128 0.1728097 0.1459875 0.9722504
1341848057.571069 -1.0526779 -0.0636434 0.4979677 -0.0069516 0.1796301 0.1567628 0.9711385
1341848058.207081 -1.3124593 -0.0854542 0.5357184 -0.0024994 0.1906809 0.1834282 0.9643592
1341848058.710728 -1.4432138 -0.1345528 0.6079002 0.0160987 0.2035105 0.1926267 0.9598017
1341848059.850685 -1.5177431 -0.1590957 0.6590304 0.0394724 0.2779089 0.2131399 0.9358312
1341848061.358867 -1.4031851 -0.1585150 0.6218579 0.1041352 0.2744135 0.1645157 0.9416940
1341848064.878850 -0.7155401 -0.1957797 0.7305588 0.0743223 0.1791163 0.1127438 0.9745165
